100,NEM12,200505101537,ELECTDSM,NEMMCO
200,NEM1203043,E1Q1,,E1,N1,03043,kWh,15,
300,20050420,20.720,22.320,23.160,20.760,22.680,23.280,22.280,22.560,22.640,22.600,25.120,22.800,23.600,24.080,21.920,23.960,24.760,24.600,27.240,25.360,25.680,28.240,22.000,24.000,24.440,26.200,29.560,27.520,28.320,38.320,30.200,34.000,38.000,37.160,35.280,36.000,29.440,28.840,27.360,31.560,29.040,26.680,34.120,33.280,30.960,30.720,29.520,26.040,34.560,37.760,33.440,30.640,30.720,33.680,35.520,34.600,31.880,33.320,37.720,38.280,35.840,37.200,30.280,30.960,25.360,27.440,27.360,26.680,28.320,28.600,25.680,29.000,22.720,28.240,30.720,33.040,33.040,29.200,27.320,26.360,23.560,24.280,24.800,24.400,22.600,26.720,25.560,23.680,21.720,22.240,22.320,22.240,21.720,24.000,23.800,25.160,A,,,20050421000243,
300,20050421,22.720,22.120,21.480,23.000,22.520,23.440,21.160,25.320,22.280,23.600,23.240,22.600,23.080,21.840,23.440,24.600,24.520,22.960,23.720,24.000,25.640,24.640,25.840,24.360,24.000,25.400,28.960,27.120,30.120,30.760,34.480,33.280,35.840,36.960,35.360,31.640,32.960,28.920,31.640,31.720,28.760,27.440,32.600,32.480,33.880,33.600,32.680,32.560,36.240,36.160,37.200,32.960,37.600,39.960,40.720,40.640,33.520,36.920,40.760,41.200,40.080,37.600,35.080,34.840,32.000,36.920,32.800,33.080,33.640,32.200,29.960,31.520,26.600,29.320,30.280,31.640,30.840,29.480,23.280,25.040,23.920,23.600,22.320,21.680,21.880,20.200,19.760,22.960,23.560,19.080,16.960,19.360,16.200,16.640,18.520,17.520,A,,,20050422000635,
300,20050422,17.560,20.280,21.760,20.440,20.440,18.720,17.120,19.320,17.480,16.520,20.720,20.240,21.160,23.120,20.400,18.640,21.040,19.040,22.520,19.920,22.800,23.600,22.800,22.360,23.040,22.720,28.120,30.080,32.880,31.680,29.440,33.320,33.840,28.200,32.200,29.600,29.960,29.920,30.720,32.200,25.760,26.160,33.120,34.200,32.720,33.040,31.240,34.200,38.080,41.680,37.720,36.120,36.400,38.480,39.000,41.800,39.840,39.200,41.840,44.800,44.160,39.240,34.720,30.680,32.160,31.480,30.320,31.880,31.680,30.840,28.080,27.360,26.960,25.640,28.760,29.000,29.360,27.760,23.240,21.760,19.600,20.360,19.520,18.160,18.520,17.800,19.320,18.960,17.640,16.120,15.640,16.920,16.480,18.720,18.920,15.720,A,,,20050423000254,
300,20050423,15.800,16.160,16.160,14.600,16.760,16.960,15.960,17.840,19.840,16.800,16.280,15.520,16.120,14.640,15.200,16.280,15.120,16.280,17.440,20.360,17.600,15.200,16.640,18.560,19.480,18.960,25.120,23.320,23.640,24.640,25.920,28.000,33.080,31.280,28.200,24.920,23.120,23.520,27.400,31.360,26.840,28.320,36.360,36.880,37.600,36.840,32.680,31.160,33.080,37.960,36.240,36.480,31.920,35.640,36.480,38.200,37.920,36.200,40.280,42.520,42.680,40.000,40.520,37.920,34.480,38.360,36.040,36.040,33.360,37.920,31.760,32.040,28.240,30.160,34.240,34.200,33.240,31.560,23.320,22.400,21.680,20.720,21.600,19.200,19.440,18.560,17.960,17.480,17.400,16.680,16.120,15.840,14.520,15.280,15.840,15.960,A,,,20050424000239,
200,NEM1203043,E1Q1,,Q1,,03043,kVarh,15,
300,20050420,22.000,23.360,24.480,22.480,24.320,23.720,23.680,24.160,24.120,23.920,26.720,24.720,25.440,26.080,24.200,26.040,26.760,26.320,28.800,27.000,27.480,30.280,23.600,25.480,25.240,26.880,27.600,27.120,27.160,31.960,28.160,29.520,28.920,28.800,29.240,28.720,26.400,26.120,25.080,25.920,24.280,23.840,24.200,24.200,24.120,24.000,24.960,25.920,27.240,28.600,28.440,28.800,28.080,27.960,28.840,30.080,30.360,31.920,32.520,31.840,30.360,30.680,29.120,29.600,26.160,26.680,26.040,25.520,26.160,27.120,26.880,27.560,24.920,26.800,26.520,26.240,25.840,23.720,23.640,24.320,22.960,23.480,24.240,23.360,23.480,25.560,25.480,24.520,22.920,21.960,21.560,22.600,22.800,25.440,25.040,26.200,A,,,20050421000243,
300,20050421,24.400,23.840,23.360,25.080,24.240,23.960,22.640,25.880,23.920,24.480,24.360,24.000,24.520,23.760,24.840,26.080,25.760,24.680,25.280,24.760,26.800,26.080,27.160,25.960,25.280,25.440,26.680,26.480,28.800,28.840,31.240,31.240,29.360,29.280,28.920,27.640,27.160,24.760,25.680,25.320,25.200,25.200,25.960,25.760,28.320,27.400,29.080,29.240,30.120,29.200,30.400,30.280,32.160,34.880,35.200,36.600,33.840,36.640,35.240,35.720,35.800,35.360,34.680,33.880,33.560,35.000,33.920,33.440,33.400,31.680,31.520,31.280,30.000,29.400,27.640,27.080,26.760,27.160,26.240,25.440,25.960,25.880,25.240,24.960,24.640,23.920,23.200,25.000,24.400,21.320,19.800,20.920,19.120,19.080,20.680,19.720,A,,,20050422000635,
300,20050422,19.880,21.160,22.480,22.040,21.960,20.120,19.640,21.240,19.440,19.040,21.640,22.520,23.040,24.440,22.760,21.440,23.280,21.760,23.840,22.720,25.000,24.880,25.120,24.280,23.440,22.400,26.560,28.360,27.560,26.520,25.680,29.720,29.360,25.920,28.280,26.960,25.120,24.080,23.920,24.840,23.880,23.960,27.040,27.600,26.920,29.080,30.520,34.000,33.960,34.600,34.480,34.720,35.120,34.840,34.480,36.320,34.680,36.080,35.360,35.600,35.960,32.640,32.480,30.040,32.200,30.360,30.480,29.240,29.560,28.240,27.000,26.440,25.520,25.840,26.160,25.080,24.960,24.720,24.320,22.520,21.720,21.520,21.480,20.760,21.160,20.560,20.200,20.120,19.360,18.880,18.600,18.760,19.040,20.760,20.840,18.680,A,,,20050423000254,
300,20050423,18.080,18.400,18.160,17.560,18.960,18.280,18.040,19.160,20.800,18.720,17.840,17.520,17.400,16.920,17.480,17.920,17.360,17.880,18.520,20.760,19.360,17.200,18.240,19.240,18.680,18.240,20.120,20.800,20.400,21.320,22.800,23.120,24.280,23.720,22.680,21.840,21.760,21.960,22.400,24.520,23.000,24.360,27.040,27.960,28.680,29.280,28.160,27.920,28.240,29.960,30.920,31.520,30.000,31.560,30.720,31.600,30.760,31.520,31.120,33.360,34.480,33.240,33.560,32.640,31.160,31.600,30.480,30.360,29.520,30.520,30.200,28.840,28.240,28.400,28.960,29.000,28.680,27.800,24.720,24.320,21.960,22.760,22.680,21.280,22.200,20.800,20.000,20.440,19.000,18.080,17.920,17.800,17.480,17.760,18.080,18.560,A,,,20050424000239,
900
