100,NEM12,200505111553,GLOBALM,NEMMCO
200,NEM1210185,E1,,E1,N1,10185,WH,15,
300,20050101,10000,10000,10000,10000,10000,10000,10000,10000,10000,10000,10000,10000,10000,10000,10000,10000,10000,10000,10000,10000,10000,10000,10000,10000,10000,10000,10000,10000,10000,10000,10000,10000,10000,10000,10000,10000,10000,10000,10000,10000,10000,10000,10000,10000,10000,10000,10000,10000,10000,10000,10000,10000,10000,10000,10000,10000,10000,10000,10000,10000,10000,10000,10000,10000,10000,10000,10000,10000,10000,10000,10000,10000,10000,10000,10000,10000,10000,10000,10000,10000,10000,10000,10000,10000,10000,10000,10000,10000,10000,10000,10000,10000,10000,10000,10000,10000,A,,,20050502112200,
200,NEM1210185,B2E2,,B2,N2,10185,WH,15,
300,20050102,10444,10444,10444,10444,10444,10444,10444,10444,10444,10444,10444,10444,10444,10444,10444,10444,10444,10444,10444,10444,10444,10444,10444,10444,10444,10444,10444,10444,10444,10444,10444,10444,10444,10444,10444,10444,10444,10444,10444,10444,10444,10444,10444,10444,10444,10444,10444,10444,10444,10444,10444,10444,10444,10444,10444,10444,10444,10444,10444,10444,10444,10444,10444,10444,10444,10444,10444,10444,10444,10444,10444,10444,10444,10444,10444,10444,10444,10444,10444,10444,10444,10444,10444,10444,10444,10444,10444,10444,10444,10444,10444,10444,10444,10444,10444,10444,A,,,20050502112300,
200,NEM1210185,B2E2,,E2,N2,10185,WH,15,
300,20050102,10222,10222,10222,10222,10222,10222,10222,10222,10222,10222,10222,10222,10222,10222,10222,10222,10222,10222,10222,10222,10222,10222,10222,10222,10222,10222,10222,10222,10222,10222,10222,10222,10222,10222,10222,10222,10222,10222,10222,10222,10222,10222,10222,10222,10222,10222,10222,10222,10222,10222,10222,10222,10222,10222,10222,10222,10222,10222,10222,10222,10222,10222,10222,10222,10222,10222,10222,10222,10222,10222,10222,10222,10222,10222,10222,10222,10222,10222,10222,10222,10222,10222,10222,10222,10222,10222,10222,10222,10222,10222,10222,10222,10222,10222,10222,10222,A,,,20050502112300,
200,NEM1210185,B2E2,,B2,N2,10185,WH,15,
300,20050103,10444,10444,10444,10444,10444,10444,10444,10444,10444,10444,10444,10444,10444,10444,10444,10444,10444,10444,10444,10444,10444,10444,10444,10444,10444,10444,10444,10444,10444,10444,10444,10444,10444,10444,10444,10444,10444,10444,10444,10444,10444,10444,10444,10444,10444,10444,10444,10444,10444,10444,10444,10444,10444,10444,10444,10444,10444,10444,10444,10444,10444,10444,10444,10444,10444,10444,10444,10444,10444,10444,10444,10444,10444,10444,10444,10444,10444,10444,10444,10444,10444,10444,10444,10444,10444,10444,10444,10444,10444,10444,10444,10444,10444,10444,10444,10444,A,,,20050502112300,
200,NEM1210185,B2E2,,E2,N2,10185,WH,15,
300,20050103,10222,10222,10222,10222,10222,10222,10222,10222,10222,10222,10222,10222,10222,10222,10222,10222,10222,10222,10222,10222,10222,10222,10222,10222,10222,10222,10222,10222,10222,10222,10222,10222,10222,10222,10222,10222,10222,10222,10222,10222,10222,10222,10222,10222,10222,10222,10222,10222,10222,10222,10222,10222,10222,10222,10222,10222,10222,10222,10222,10222,10222,10222,10222,10222,10222,10222,10222,10222,10222,10222,10222,10222,10222,10222,10222,10222,10222,10222,10222,10222,10222,10222,10222,10222,10222,10222,10222,10222,10222,10222,10222,10222,10222,10222,10222,10222,A,,,20050502112300,
900
