100,NEM12,200506201109,GLOBALM,NEMMCO
200,NEM1210185,E1,,E1,N1,10185,WH,15,
300,20050101,10000,10000,10000,10000,10000,10000,10000,10000,10000,10000,10000,10000,10000,10000,10000,10000,10000,10000,10000,10000,10000,10000,10000,10000,10000,10000,10000,10000,10000,10000,10000,10000,10000,10000,10000,10000,10000,10000,10000,10000,10000,10000,10000,10000,10000,10000,10000,10000,10000,10000,10000,10000,10000,10000,10000,10000,10000,10000,10000,10000,10000,10000,10000,10000,10000,10000,10000,10000,10000,10000,10000,10000,10000,10000,10000,10000,10000,10000,10000,10000,10000,10000,10000,10000,10000,10000,10000,10000,10000,10000,10000,10000,10000,10000,10000,10000,A,,,20050502112200,
200,NEM1210185,B2E1E2,,B2,N2,10185,WH,15,
300,20050102,0,0,0,0,0,0,0,0,0,0,0,0,0,0,0,0,0,0,0,0,0,0,0,0,0,0,0,0,0,0,0,0,0,0,0,0,0,0,0,0,0,0,0,0,0,0,0,0,0,0,0,0,0,0,0,0,0,10444,10444,10444,10444,10444,10444,10444,10444,10444,10444,10444,10444,10444,10444,10444,10444,10444,10444,10444,10444,10444,10444,10444,10444,10444,10444,10444,10444,10444,10444,10444,10444,10444,10444,10444,10444,10444,10444,10444,V,,,20050620110000,
400,1,57,F14,0,scenario 10- PERMANENT on 20/06/2005
400,58,96,A,,
200,NEM1210185,B2E1E2,,E1,N1,10185,WH,15,
300,20050102,10000,10000,10000,10000,10000,10000,10000,10000,10000,10000,10000,10000,10000,10000,10000,10000,10000,10000,10000,10000,10000,10000,10000,10000,10000,10000,10000,10000,10000,10000,10000,10000,10000,10000,10000,10000,10000,10000,10000,10000,10000,10000,10000,10000,10000,10000,10000,10000,10000,10000,10000,10000,10000,10000,10000,0,0,0,0,0,0,0,0,0,0,0,0,0,0,0,0,0,0,0,0,0,0,0,0,0,0,0,0,0,0,0,0,0,0,0,0,0,0,0,0,0,V,,,20050620110600,
400,1,55,A,,
400,56,96,F14,0,Scenario 10
200,NEM1210185,B2E1E2,,E2,N2,10185,WH,15,
300,20050102,0,0,0,0,0,0,0,0,0,0,0,0,0,0,0,0,0,0,0,0,0,0,0,0,0,0,0,0,0,0,0,0,0,0,0,0,0,0,0,0,0,0,0,0,0,0,0,0,0,0,0,0,0,0,0,0,0,10222,10222,10222,10222,10222,10222,10222,10222,10222,10222,10222,10222,10222,10222,10222,10222,10222,10222,10222,10222,10222,10222,10222,10222,10222,10222,10222,10222,10222,10222,10222,10222,10222,10222,10222,10222,10222,10222,10222,V,,,20050620110000,
400,1,57,F14,0,scenario 10- PERMANENT on 20/06/2005
400,58,96,A,,
200,NEM1210185,B2E2,,B2,N2,10185,WH,15,
300,20050103,10444,10444,10444,10444,10444,10444,10444,10444,10444,10444,10444,10444,10444,10444,10444,10444,10444,10444,10444,10444,10444,10444,10444,10444,10444,10444,10444,10444,10444,10444,10444,10444,10444,10444,10444,10444,10444,10444,10444,10444,10444,10444,10444,10444,10444,10444,10444,10444,10444,10444,10444,10444,10444,10444,10444,10444,10444,10444,10444,10444,10444,10444,10444,10444,10444,10444,10444,10444,10444,10444,10444,10444,10444,10444,10444,10444,10444,10444,10444,10444,10444,10444,10444,10444,10444,10444,10444,10444,10444,10444,10444,10444,10444,10444,10444,10444,A,,,20050502112300,
200,NEM1210185,B2E2,,E2,N2,10185,WH,15,
300,20050103,10222,10222,10222,10222,10222,10222,10222,10222,10222,10222,10222,10222,10222,10222,10222,10222,10222,10222,10222,10222,10222,10222,10222,10222,10222,10222,10222,10222,10222,10222,10222,10222,10222,10222,10222,10222,10222,10222,10222,10222,10222,10222,10222,10222,10222,10222,10222,10222,10222,10222,10222,10222,10222,10222,10222,10222,10222,10222,10222,10222,10222,10222,10222,10222,10222,10222,10222,10222,10222,10222,10222,10222,10222,10222,10222,10222,10222,10222,10222,10222,10222,10222,10222,10222,10222,10222,10222,10222,10222,10222,10222,10222,10222,10222,10222,10222,A,,,20050502112300,
900
