100,NEM12,200505101521,ELECTDSM,NEMMCO
200,NEM1202023,B1E1K1Q1,,B1,N1,02023,kWh,15,
300,20050420,0.000,0.000,0.000,0.000,0.000,0.000,0.000,0.000,0.000,0.000,0.000,0.000,0.000,0.000,0.000,0.000,0.000,0.000,0.000,0.000,0.000,0.000,0.000,0.000,0.000,0.000,0.000,0.000,0.000,0.000,0.000,2.520,2.763,2.795,3.131,3.928,3.961,2.882,2.859,3.061,3.987,4.027,4.028,4.005,4.089,4.064,4.053,4.067,4.037,4.079,4.057,4.074,4.076,4.077,4.063,4.054,4.071,4.122,4.090,4.238,4.298,4.065,4.100,4.073,4.085,4.109,4.102,4.107,4.104,4.040,4.023,4.165,4.278,4.318,4.321,4.123,3.938,3.957,3.932,3.939,3.946,3.911,3.888,3.947,3.879,3.881,3.877,3.863,3.856,3.808,3.832,3.809,3.814,3.815,3.002,2.833,A,,,20050510152026,
300,20050421,0.000,0.000,0.000,0.000,0.000,0.000,0.000,0.000,0.000,0.000,0.000,0.000,0.000,0.000,0.000,0.000,0.000,0.000,0.000,0.000,0.000,0.000,0.000,0.000,0.000,0.000,0.000,0.000,0.000,0.000,0.000,0.000,0.000,0.000,0.000,0.000,0.000,0.000,3.600,4.011,4.042,4.011,4.078,4.066,4.059,4.075,4.072,4.098,4.052,4.085,4.057,4.071,4.084,4.075,4.095,4.097,4.075,4.070,4.116,4.106,4.082,4.076,4.043,4.099,4.072,4.117,4.066,4.107,4.021,4.038,4.024,4.002,4.423,4.072,4.058,4.038,3.925,3.709,3.680,3.692,3.676,3.658,3.666,3.643,3.626,3.600,3.599,3.616,3.617,2.876,2.471,0.000,0.000,0.000,0.000,0.000,A,,,20050510152026,
300,20050422,0.000,0.000,0.000,0.000,0.000,0.000,0.000,0.000,0.000,0.000,0.000,0.000,0.000,0.000,0.000,0.000,0.000,0.000,0.000,0.000,0.000,0.000,0.000,0.000,0.000,0.000,0.000,0.000,0.000,2.383,2.399,2.888,4.003,4.056,4.086,4.126,4.126,4.175,4.164,4.181,4.217,4.202,4.232,4.217,4.202,4.214,4.214,4.234,4.481,4.384,4.232,4.187,4.210,4.246,4.250,4.210,4.211,4.239,4.228,4.258,4.222,4.234,4.244,4.248,4.494,4.268,4.274,3.803,3.696,3.673,3.686,3.620,3.704,3.679,3.672,3.680,3.683,3.653,3.677,3.638,3.667,3.617,3.672,3.624,3.626,3.619,3.829,3.707,3.538,3.595,3.524,2.913,2.449,0.000,0.000,0.000,A,,,20050510152026,
300,20050423,0.000,0.000,0.000,0.000,0.000,0.000,0.000,0.000,0.000,0.000,0.000,0.000,0.000,0.000,0.000,0.000,0.000,0.000,0.000,0.000,0.000,0.000,0.000,0.000,0.000,0.000,0.000,0.000,0.000,0.000,0.000,0.000,0.000,0.000,0.000,0.000,0.000,0.000,0.000,0.000,0.000,3.647,3.635,3.684,3.688,3.714,3.694,3.709,3.725,3.696,3.705,3.695,3.711,3.725,3.725,3.692,3.734,3.719,3.740,3.728,3.743,3.755,3.732,3.726,4.100,3.720,3.697,3.690,3.683,3.651,3.630,3.602,3.668,3.691,3.691,3.655,3.612,3.648,3.613,3.652,3.636,3.615,3.645,3.588,3.626,2.617,2.464,0.000,0.000,0.000,0.000,0.000,0.000,0.000,0.000,0.000,A,,,20050510152026,
200,NEM1202023,B1E1K1Q1,,E1,N1,02023,kWh,15,
300,20050420,3.526,3.505,3.001,2.444,2.432,2.430,2.707,3.482,3.492,3.506,2.750,2.438,2.464,2.439,2.437,2.739,3.455,3.485,2.971,2.457,2.429,2.442,2.648,2.618,2.440,2.441,2.393,3.165,3.391,2.814,2.402,0.000,0.000,0.000,0.000,0.000,0.000,0.000,0.000,0.000,0.000,0.000,0.000,0.000,0.000,0.000,0.000,0.000,0.000,0.000,0.000,0.000,0.000,0.000,0.000,0.000,0.000,0.000,0.000,0.000,0.000,0.000,0.000,0.000,0.000,0.000,0.000,0.000,0.000,0.000,0.000,0.000,0.000,0.000,0.000,0.000,0.000,0.000,0.000,0.000,0.000,0.000,0.000,0.000,0.000,0.000,0.000,0.000,0.000,0.000,0.000,0.000,0.000,0.000,0.000,0.000,A,,,20050510152026,
300,20050421,3.014,3.501,3.770,3.805,3.807,3.782,3.021,2.714,2.715,2.959,3.776,3.757,3.771,3.800,2.822,2.721,2.720,2.717,3.719,3.758,3.769,3.007,2.720,2.685,2.757,3.378,3.663,3.689,3.060,2.650,2.677,2.673,3.474,3.837,3.967,4.099,2.763,2.799,0.000,0.000,0.000,0.000,0.000,0.000,0.000,0.000,0.000,0.000,0.000,0.000,0.000,0.000,0.000,0.000,0.000,0.000,0.000,0.000,0.000,0.000,0.000,0.000,0.000,0.000,0.000,0.000,0.000,0.000,0.000,0.000,0.000,0.000,0.000,0.000,0.000,0.000,0.000,0.000,0.000,0.000,0.000,0.000,0.000,0.000,0.000,0.000,0.000,0.000,0.000,0.000,0.000,2.433,3.486,3.600,3.605,3.614,A,,,20050510152026,
300,20050422,3.602,3.596,2.787,2.424,2.465,3.078,3.607,3.578,3.588,3.591,3.176,2.460,2.718,2.542,3.301,3.550,3.563,3.543,3.051,2.445,2.425,2.449,2.413,3.307,3.487,3.512,2.696,2.378,2.387,0.000,0.000,0.000,0.000,0.000,0.000,0.000,0.000,0.000,0.000,0.000,0.000,0.000,0.000,0.000,0.000,0.000,0.000,0.000,0.000,0.000,0.000,0.000,0.000,0.000,0.000,0.000,0.000,0.000,0.000,0.000,0.000,0.000,0.000,0.000,0.000,0.000,0.000,0.000,0.000,0.000,0.000,0.000,0.000,0.000,0.000,0.000,0.000,0.000,0.000,0.000,0.000,0.000,0.000,0.000,0.000,0.000,0.000,0.000,0.000,0.000,0.000,0.000,0.000,2.450,2.777,3.511,A,,,20050510152026,
300,20050423,3.526,3.486,3.515,3.494,2.713,2.450,2.430,2.476,2.748,3.499,3.477,3.500,2.764,2.434,2.450,2.426,2.446,3.255,3.460,3.476,2.544,2.432,2.446,2.436,2.436,2.461,2.746,3.352,3.377,2.920,2.395,2.386,2.402,2.385,3.008,3.520,3.551,3.546,2.406,2.383,2.954,0.000,0.000,0.000,0.000,0.000,0.000,0.000,0.000,0.000,0.000,0.000,0.000,0.000,0.000,0.000,0.000,0.000,0.000,0.000,0.000,0.000,0.000,0.000,0.000,0.000,0.000,0.000,0.000,0.000,0.000,0.000,0.000,0.000,0.000,0.000,0.000,0.000,0.000,0.000,0.000,0.000,0.000,0.000,0.000,0.000,0.000,2.600,3.571,3.586,3.563,3.549,3.533,3.497,2.438,2.469,A,,,20050510152026,
200,NEM1202023,B1E1K1Q1,,K1,,02023,kVarh,15,
300,20050420,0.000,0.000,0.000,0.000,0.000,0.000,0.000,0.000,0.000,0.000,0.000,0.000,0.000,0.000,0.000,0.000,0.000,0.000,0.000,0.000,0.000,0.000,0.000,0.000,0.000,0.000,0.000,0.000,0.000,0.000,0.000,2.349,2.540,2.600,2.932,3.843,3.814,2.665,2.607,2.809,3.784,3.794,3.710,3.620,3.829,3.757,3.708,3.698,3.695,3.739,3.727,3.767,3.721,3.747,3.651,3.619,3.650,3.804,3.695,3.672,3.668,3.699,3.751,3.727,3.737,3.802,3.822,3.847,3.932,3.746,3.789,3.996,4.190,4.224,4.291,4.125,3.954,3.974,3.903,3.849,3.977,3.844,3.859,4.037,3.888,3.889,3.880,3.951,3.858,3.846,3.895,3.911,3.937,3.933,3.024,2.739,A,,,20050510152026,
300,20050421,0.000,0.000,0.000,0.000,0.000,0.000,0.000,0.000,0.000,0.000,0.000,0.000,0.000,0.000,0.000,0.000,0.000,0.000,0.000,0.000,0.000,0.000,0.000,0.000,0.000,0.000,0.000,0.000,0.000,0.000,0.000,0.000,0.000,0.000,0.000,0.000,0.000,0.000,3.366,3.659,3.665,3.611,3.742,3.751,3.630,3.703,3.686,3.703,3.629,3.672,3.627,3.637,3.666,3.634,3.695,3.719,3.622,3.601,3.742,3.719,3.691,3.648,3.612,3.714,3.727,3.770,3.742,3.854,3.632,3.733,3.812,3.738,3.789,3.866,3.923,3.875,3.768,3.462,3.495,3.534,3.547,3.439,3.578,3.552,3.513,3.464,3.493,3.563,3.448,2.693,2.278,0.000,0.000,0.000,0.000,0.000,A,,,20050510152026,
300,20050422,0.000,0.000,0.000,0.000,0.000,0.000,0.000,0.000,0.000,0.000,0.000,0.000,0.000,0.000,0.000,0.000,0.000,0.000,0.000,0.000,0.000,0.000,0.000,0.000,0.000,0.000,0.000,0.000,0.000,2.160,2.202,2.744,4.053,4.017,4.049,4.019,3.916,3.885,3.858,3.871,3.970,3.870,3.962,3.965,3.845,3.888,3.866,3.916,3.824,3.971,3.890,3.757,3.866,3.955,3.945,3.762,3.773,3.825,3.899,3.871,3.848,3.913,3.894,3.949,3.978,3.897,3.868,3.524,3.338,3.367,3.430,3.316,3.478,3.442,3.473,3.503,3.579,3.452,3.568,3.460,3.536,3.472,3.632,3.537,3.573,3.616,3.511,3.507,3.444,3.604,3.466,2.759,2.283,0.000,0.000,0.000,A,,,20050510152026,
300,20050423,0.000,0.000,0.000,0.000,0.000,0.000,0.000,0.000,0.000,0.000,0.000,0.000,0.000,0.000,0.000,0.000,0.000,0.000,0.000,0.000,0.000,0.000,0.000,0.000,0.000,0.000,0.000,0.000,0.000,0.000,0.000,0.000,0.000,0.000,0.000,0.000,0.000,0.000,0.000,0.000,0.000,3.341,3.332,3.349,3.377,3.399,3.389,3.419,3.464,3.421,3.393,3.350,3.413,3.425,3.429,3.297,3.441,3.416,3.462,3.475,3.503,3.549,3.470,3.445,3.395,3.408,3.409,3.384,3.427,3.330,3.299,3.347,3.426,3.613,3.621,3.471,3.403,3.447,3.427,3.502,3.564,3.493,3.588,3.468,3.576,2.469,2.287,0.000,0.000,0.000,0.000,0.000,0.000,0.000,0.000,0.000,A,,,20050510152026,
200,NEM1202023,B1E1K1Q1,,Q1,,02023,kVarh,15,
300,20050420,3.549,3.597,2.942,2.279,2.215,2.234,2.590,3.624,3.506,3.647,2.722,2.295,2.364,2.284,2.287,2.647,3.553,3.603,2.950,2.322,2.260,2.275,2.293,2.291,2.260,2.316,2.264,3.152,3.423,2.705,2.189,0.000,0.000,0.000,0.000,0.000,0.000,0.000,0.000,0.000,0.000,0.000,0.000,0.000,0.000,0.000,0.000,0.000,0.000,0.000,0.000,0.000,0.000,0.000,0.000,0.000,0.000,0.000,0.000,0.000,0.000,0.000,0.000,0.000,0.000,0.000,0.000,0.000,0.000,0.000,0.000,0.000,0.000,0.000,0.000,0.000,0.000,0.000,0.000,0.000,0.000,0.000,0.000,0.000,0.000,0.000,0.000,0.000,0.000,0.000,0.000,0.000,0.000,0.000,0.000,0.000,A,,,20050510152026,
300,20050421,2.650,3.580,3.848,3.970,3.942,3.914,2.967,2.671,2.620,2.991,3.953,3.869,3.913,4.021,2.841,2.661,2.646,2.650,3.853,3.891,3.867,2.943,2.610,2.559,2.767,3.432,3.764,3.922,3.102,2.522,2.617,2.631,3.392,3.864,3.798,3.710,2.607,2.599,0.000,0.000,0.000,0.000,0.000,0.000,0.000,0.000,0.000,0.000,0.000,0.000,0.000,0.000,0.000,0.000,0.000,0.000,0.000,0.000,0.000,0.000,0.000,0.000,0.000,0.000,0.000,0.000,0.000,0.000,0.000,0.000,0.000,0.000,0.000,0.000,0.000,0.000,0.000,0.000,0.000,0.000,0.000,0.000,0.000,0.000,0.000,0.000,0.000,0.000,0.000,0.000,0.000,2.241,3.413,3.488,3.462,3.602,A,,,20050510152026,
300,20050422,3.551,3.543,2.665,2.234,2.299,2.943,3.577,3.522,3.554,3.555,3.131,2.316,2.301,2.265,3.247,3.554,3.594,3.549,3.003,2.280,2.229,2.249,2.210,3.207,3.532,3.569,2.545,2.192,2.220,0.000,0.000,0.000,0.000,0.000,0.000,0.000,0.000,0.000,0.000,0.000,0.000,0.000,0.000,0.000,0.000,0.000,0.000,0.000,0.000,0.000,0.000,0.000,0.000,0.000,0.000,0.000,0.000,0.000,0.000,0.000,0.000,0.000,0.000,0.000,0.000,0.000,0.000,0.000,0.000,0.000,0.000,0.000,0.000,0.000,0.000,0.000,0.000,0.000,0.000,0.000,0.000,0.000,0.000,0.000,0.000,0.000,0.000,0.000,0.000,0.000,0.000,0.000,0.000,2.282,2.646,3.556,A,,,20050510152026,
300,20050423,3.506,3.484,3.489,3.486,2.564,2.272,2.265,2.345,2.598,3.522,3.548,3.615,2.709,2.282,2.281,2.243,2.275,3.258,3.552,3.583,2.421,2.279,2.285,2.254,2.281,2.304,2.179,3.477,3.445,2.835,2.267,2.244,2.232,2.167,2.881,3.341,3.352,3.330,2.161,2.161,2.642,0.000,0.000,0.000,0.000,0.000,0.000,0.000,0.000,0.000,0.000,0.000,0.000,0.000,0.000,0.000,0.000,0.000,0.000,0.000,0.000,0.000,0.000,0.000,0.000,0.000,0.000,0.000,0.000,0.000,0.000,0.000,0.000,0.000,0.000,0.000,0.000,0.000,0.000,0.000,0.000,0.000,0.000,0.000,0.000,0.000,0.000,2.413,3.550,3.571,3.476,3.480,3.424,3.425,2.302,2.346,A,,,20050510152026,
900
