100,NEM12,200505021047,GLOBALM,NEMMCO
200,NEM1206105,B1E1K1Q1,,K1,N1,06105,VARH,15,
300,20050101,4466,4466,4466,4466,4466,4466,4466,4466,4466,4466,4466,4466,4466,4466,4466,4466,4466,4466,4466,4466,4466,4466,4466,4466,4466,4466,4466,4466,4466,4466,4466,4466,4466,4466,4466,4466,4466,4466,4466,4466,4466,4466,4466,4466,4466,4466,4466,4466,4466,4466,4466,4466,4466,4466,4466,4466,4466,4466,4466,4466,4466,4466,4466,4466,4466,4466,4466,4466,4466,4466,4466,4466,4466,4466,4466,4466,4466,4466,4466,4466,4466,4466,4466,4466,4466,4466,4466,4466,4466,4466,4466,4466,4466,4466,4466,4466,A,,,20050502104500,
200,NEM1206105,B1E1K1Q1,,Q1,N1,06105,VARH,15,
300,20050101,5566,5566,5566,5566,5566,5566,5566,5566,5566,5566,5566,5566,5566,5566,5566,5566,5566,5566,5566,5566,5566,5566,5566,5566,5566,5566,5566,5566,5566,5566,5566,5566,5566,5566,5566,5566,5566,5566,5566,5566,5566,5566,5566,5566,5566,5566,5566,5566,5566,5566,5566,5566,5566,5566,5566,5566,5566,5566,5566,5566,5566,5566,5566,5566,5566,5566,5566,5566,5566,5566,5566,5566,5566,5566,5566,5566,5566,5566,5566,5566,5566,5566,5566,5566,5566,5566,5566,5566,5566,5566,5566,5566,5566,5566,5566,5566,A,,,20050502104500,
200,NEM1206105,B1E1K1Q1,,K1,N1,06105,VARH,15,
300,20050102,4466,4466,4466,4466,4466,4466,4466,4466,4466,4466,4466,4466,4466,4466,4466,4466,4466,4466,4466,4466,4466,4466,4466,4466,4466,4466,4466,4466,4466,4466,4466,4466,4466,4466,4466,4466,4466,4466,4466,4466,4466,4466,4466,4466,4466,4466,4466,4466,4466,4466,4466,4466,4466,4466,4466,4466,4466,4466,4466,4466,4466,4466,4466,4466,4466,4466,4466,4466,4466,4466,4466,4466,4466,4466,4466,4466,4466,4466,4466,4466,4466,4466,4466,4466,4466,4466,4466,4466,4466,4466,4466,4466,4466,4466,4466,4466,A,,,20050502104500,
200,NEM1206105,B1E1K1Q1,,Q1,N1,06105,VARH,15,
300,20050102,5566,5566,5566,5566,5566,5566,5566,5566,5566,5566,5566,5566,5566,5566,5566,5566,5566,5566,5566,5566,5566,5566,5566,5566,5566,5566,5566,5566,5566,5566,5566,5566,5566,5566,5566,5566,5566,5566,5566,5566,5566,5566,5566,5566,5566,5566,5566,5566,5566,5566,5566,5566,5566,5566,5566,5566,5566,5566,5566,5566,5566,5566,5566,5566,5566,5566,5566,5566,5566,5566,5566,5566,5566,5566,5566,5566,5566,5566,5566,5566,5566,5566,5566,5566,5566,5566,5566,5566,5566,5566,5566,5566,5566,5566,5566,5566,A,,,20050502104500,
200,NEM1206105,B1E1K1Q1,,K1,N1,06105,VARH,15,
300,20050103,4466,4466,4466,4466,4466,4466,4466,4466,4466,4466,4466,4466,4466,4466,4466,4466,4466,4466,4466,4466,4466,4466,4466,4466,4466,4466,4466,4466,4466,4466,4466,4466,4466,4466,4466,4466,4466,4466,4466,4466,4466,4466,4466,4466,4466,4466,4466,4466,4466,4466,4466,4466,4466,4466,4466,4466,4466,4466,4466,4466,4466,4466,4466,4466,4466,4466,4466,4466,4466,4466,4466,4466,4466,4466,4466,4466,4466,4466,4466,4466,4466,4466,4466,4466,4466,4466,4466,4466,4466,4466,4466,4466,4466,4466,4466,4466,A,,,20050502104500,
200,NEM1206105,B1E1K1Q1,,Q1,N1,06105,VARH,15,
300,20050103,5566,5566,5566,5566,5566,5566,5566,5566,5566,5566,5566,5566,5566,5566,5566,5566,5566,5566,5566,5566,5566,5566,5566,5566,5566,5566,5566,5566,5566,5566,5566,5566,5566,5566,5566,5566,5566,5566,5566,5566,5566,5566,5566,5566,5566,5566,5566,5566,5566,5566,5566,5566,5566,5566,5566,5566,5566,5566,5566,5566,5566,5566,5566,5566,5566,5566,5566,5566,5566,5566,5566,5566,5566,5566,5566,5566,5566,5566,5566,5566,5566,5566,5566,5566,5566,5566,5566,5566,5566,5566,5566,5566,5566,5566,5566,5566,A,,,20050502104500,
200,NEM1206105,B1E1K1Q1,,K1,N1,06105,VARH,15,
300,20050104,4466,4466,4466,4466,4466,4466,4466,4466,4466,4466,4466,4466,4466,4466,4466,4466,4466,4466,4466,4466,4466,4466,4466,4466,4466,4466,4466,4466,4466,4466,4466,4466,4466,4466,4466,4466,4466,4466,4466,4466,4466,4466,4466,4466,4466,4466,4466,4466,4466,4466,4466,4466,4466,4466,4466,4466,4466,4466,4466,4466,4466,4466,4466,4466,4466,4466,4466,4466,4466,4466,4466,4466,4466,4466,4466,4466,4466,4466,4466,4466,4466,4466,4466,4466,4466,4466,4466,4466,4466,4466,4466,4466,4466,4466,4466,4466,A,,,20050502104500,
200,NEM1206105,B1E1K1Q1,,Q1,N1,06105,VARH,15,
300,20050104,5566,5566,5566,5566,5566,5566,5566,5566,5566,5566,5566,5566,5566,5566,5566,5566,5566,5566,5566,5566,5566,5566,5566,5566,5566,5566,5566,5566,5566,5566,5566,5566,5566,5566,5566,5566,5566,5566,5566,5566,5566,5566,5566,5566,5566,5566,5566,5566,5566,5566,5566,5566,5566,5566,5566,5566,5566,5566,5566,5566,5566,5566,5566,5566,5566,5566,5566,5566,5566,5566,5566,5566,5566,5566,5566,5566,5566,5566,5566,5566,5566,5566,5566,5566,5566,5566,5566,5566,5566,5566,5566,5566,5566,5566,5566,5566,A,,,20050502104500,
900
