100,NEM12,200505121325,ELECTDSM,NEMMCO
200,NEM1201003,E1E2,,E1,N1,010031,kWh,15,
300,20050420,0.380,0.365,0.355,0.380,0.370,0.355,0.370,0.380,0.350,0.360,0.385,0.360,0.360,0.375,0.375,0.360,0.360,0.385,0.365,0.360,0.370,0.380,0.355,0.355,0.380,0.380,0.360,0.360,0.380,0.360,0.360,0.460,0.590,1.310,2.860,2.920,3.090,3.200,2.715,2.715,2.710,2.705,2.690,2.715,2.710,2.725,2.720,2.705,2.685,2.835,2.770,2.695,2.690,2.740,2.695,2.680,2.675,2.695,2.690,2.680,3.565,3.115,2.725,2.750,2.745,2.740,2.720,2.740,2.775,2.715,2.605,2.600,1.240,0.595,0.605,0.570,0.575,0.590,0.580,0.580,0.585,0.605,0.575,0.570,0.580,0.505,0.350,0.355,0.375,0.355,0.350,0.360,0.375,0.350,0.355,0.370,A,,,20050512132111,
300,20050421,0.370,0.360,0.355,0.380,0.360,0.355,0.365,0.380,0.360,0.355,0.365,0.390,0.360,0.840,0.360,0.380,0.355,0.355,0.365,0.370,0.350,0.350,0.375,0.370,0.350,0.355,0.370,0.375,0.355,0.355,0.375,0.565,2.755,2.820,2.900,2.825,3.225,2.750,2.715,2.700,2.710,2.710,2.675,2.680,2.700,2.670,2.700,2.720,2.725,2.750,2.790,2.700,2.660,2.655,2.665,2.710,3.525,2.700,2.695,2.685,2.670,2.680,2.725,2.715,2.705,2.705,2.720,2.730,2.685,2.700,2.725,2.690,2.545,0.585,0.755,0.575,0.580,0.600,0.585,0.570,0.575,0.595,0.575,0.585,0.590,0.500,0.355,0.355,0.385,0.355,0.355,0.365,0.370,0.355,0.365,0.380,A,,,20050512132111,
300,20050422,0.360,0.355,0.355,0.380,0.355,0.355,0.370,0.865,0.355,0.365,0.380,0.355,0.355,0.365,0.370,0.365,0.355,0.380,0.355,0.355,0.370,0.375,0.355,0.360,0.375,0.360,0.365,0.365,0.380,0.360,0.360,0.475,2.045,2.780,2.900,3.335,2.850,2.720,2.745,2.710,2.710,2.715,2.675,2.650,2.685,2.685,2.700,2.730,2.725,2.725,2.765,2.685,2.765,2.700,2.685,2.690,2.690,2.695,2.695,2.745,3.315,2.705,2.735,2.740,2.680,2.705,2.705,2.720,2.715,2.705,2.705,2.690,2.680,2.685,2.705,2.685,2.705,2.690,2.685,2.700,2.695,2.715,2.695,2.720,2.710,0.585,0.355,0.370,0.375,0.355,0.355,0.380,0.365,0.355,0.355,0.385,A,,,20050512132111,
300,20050423,0.360,0.355,0.365,0.385,0.355,0.355,0.865,0.405,0.365,0.355,0.370,0.370,0.360,0.355,0.375,0.375,0.355,0.360,0.365,0.375,0.355,0.355,0.355,0.380,0.355,0.355,0.355,0.390,0.360,0.350,0.350,0.470,1.215,2.740,2.780,2.810,2.685,2.750,2.755,2.720,2.695,2.680,2.765,2.755,2.720,3.125,2.875,2.730,2.690,2.700,2.795,2.710,2.705,2.720,2.710,2.690,2.700,2.715,2.705,2.725,2.740,2.750,2.725,2.705,2.700,2.695,2.680,2.680,2.735,2.350,0.575,0.590,0.590,0.580,0.580,0.600,0.585,0.585,0.590,0.605,0.585,0.585,0.595,0.590,0.575,0.490,0.385,0.355,0.370,0.370,0.375,0.590,0.635,0.390,0.370,0.365,A,,,20050512132111,
500,O,NEMMCOSO010031,20050512132111,
200,NEM1201003,E1E2,,E2,N2,010031,kWh,15,
300,20050420,0.000,0.000,0.000,0.000,0.000,0.000,0.000,0.000,0.000,0.000,0.000,0.000,0.000,0.000,0.000,0.000,0.000,0.000,0.000,0.000,0.000,0.000,0.000,0.000,0.000,0.000,0.000,0.000,0.000,0.000,0.000,0.040,0.090,0.450,1.150,1.360,1.160,1.140,1.160,1.175,1.175,1.155,1.145,1.140,1.145,1.160,1.170,1.130,1.120,1.175,1.170,1.125,1.125,1.150,1.125,1.110,1.110,1.140,1.120,1.110,1.125,1.165,1.170,1.195,1.195,1.195,1.160,1.160,1.180,1.175,1.150,1.100,0.410,0.100,0.115,0.070,0.075,0.095,0.090,0.085,0.080,0.125,0.080,0.075,0.090,0.075,0.000,0.000,0.000,0.000,0.000,0.000,0.000,0.000,0.000,0.000,A,,,20050512132214,
300,20050421,0.000,0.000,0.000,0.000,0.000,0.000,0.000,0.000,0.000,0.000,0.000,0.000,0.000,0.000,0.000,0.000,0.000,0.000,0.000,0.000,0.000,0.000,0.000,0.000,0.000,0.000,0.000,0.000,0.000,0.000,0.000,0.110,1.185,1.210,1.200,1.145,1.135,1.200,1.155,1.140,1.155,1.155,1.115,1.120,1.150,1.105,1.150,1.180,1.175,1.175,1.200,1.175,1.130,1.105,1.120,1.160,1.090,1.105,1.155,1.145,1.110,1.130,1.170,1.180,1.155,1.150,1.170,1.190,1.140,1.145,1.155,1.080,1.030,0.075,0.200,0.060,0.065,0.105,0.085,0.065,0.065,0.105,0.070,0.085,0.090,0.070,0.000,0.000,0.000,0.000,0.000,0.000,0.000,0.000,0.000,0.000,A,,,20050512132214,
300,20050422,0.000,0.000,0.000,0.000,0.000,0.000,0.000,0.000,0.000,0.000,0.000,0.000,0.000,0.000,0.000,0.000,0.000,0.000,0.000,0.000,0.000,0.000,0.000,0.000,0.000,0.000,0.000,0.000,0.000,0.000,0.000,0.055,0.885,1.175,1.200,1.170,1.170,1.175,1.215,1.165,1.165,1.180,1.135,1.115,1.150,1.145,1.155,1.190,1.180,1.170,1.165,1.145,1.200,1.165,1.135,1.135,1.145,1.160,1.160,1.125,1.135,1.180,1.210,1.205,1.130,1.145,1.155,1.185,1.165,1.150,1.160,1.145,1.125,1.125,1.160,1.140,1.145,1.145,1.135,1.145,1.145,1.165,1.150,1.165,1.170,0.140,0.000,0.000,0.000,0.000,0.000,0.000,0.000,0.000,0.000,0.000,A,,,20050512132214,
300,20050423,0.000,0.000,0.000,0.000,0.000,0.000,0.000,0.000,0.000,0.000,0.000,0.000,0.000,0.000,0.000,0.000,0.000,0.000,0.000,0.000,0.000,0.000,0.000,0.000,0.000,0.000,0.000,0.000,0.000,0.000,0.000,0.045,0.445,1.190,1.185,1.180,1.125,1.175,1.195,1.165,1.135,1.130,1.210,1.190,1.155,1.155,1.190,1.170,1.140,1.145,1.185,1.160,1.150,1.175,1.165,1.150,1.155,1.180,1.150,1.160,1.165,1.195,1.170,1.150,1.145,1.135,1.115,1.115,1.155,0.955,0.060,0.075,0.085,0.065,0.060,0.105,0.085,0.075,0.080,0.120,0.080,0.075,0.100,0.095,0.070,0.045,0.000,0.000,0.000,0.000,0.000,0.000,0.000,0.000,0.000,0.000,A,,,20050512132214,
500,O,NEMMCOSO010031,20050512132214,
900
