100,NEM12,200505021046,GLOBALM,NEMMCO
200,NEM1206105,B1E1K1Q1,,B1,N1,06105,WH,15,
300,20050101,4455,4455,4455,4455,4455,4455,4455,4455,4455,4455,4455,4455,4455,4455,4455,4455,4455,4455,4455,4455,4455,4455,4455,4455,4455,4455,4455,4455,4455,4455,4455,4455,4455,4455,4455,4455,4455,4455,4455,4455,4455,4455,4455,4455,4455,4455,4455,4455,4455,4455,4455,4455,4455,4455,4455,4455,4455,4455,4455,4455,4455,4455,4455,4455,4455,4455,4455,4455,4455,4455,4455,4455,4455,4455,4455,4455,4455,4455,4455,4455,4455,4455,4455,4455,4455,4455,4455,4455,4455,4455,4455,4455,4455,4455,4455,4455,A,,,20050502104500,
200,NEM1206105,B1E1K1Q1,,E1,N1,06105,WH,15,
300,20050101,5555,5555,5555,5555,5555,5555,5555,5555,5555,5555,5555,5555,5555,5555,5555,5555,5555,5555,5555,5555,5555,5555,5555,5555,5555,5555,5555,5555,5555,5555,5555,5555,5555,5555,5555,5555,5555,5555,5555,5555,5555,5555,5555,5555,5555,5555,5555,5555,5555,5555,5555,5555,5555,5555,5555,5555,5555,5555,5555,5555,5555,5555,5555,5555,5555,5555,5555,5555,5555,5555,5555,5555,5555,5555,5555,5555,5555,5555,5555,5555,5555,5555,5555,5555,5555,5555,5555,5555,5555,5555,5555,5555,5555,5555,5555,5555,A,,,20050502104500,
200,NEM1206105,B1E1K1Q1,,B1,N1,06105,WH,15,
300,20050102,4455,4455,4455,4455,4455,4455,4455,4455,4455,4455,4455,4455,4455,4455,4455,4455,4455,4455,4455,4455,4455,4455,4455,4455,4455,4455,4455,4455,4455,4455,4455,4455,4455,4455,4455,4455,4455,4455,4455,4455,4455,4455,4455,4455,4455,4455,4455,4455,4455,4455,4455,4455,4455,4455,4455,4455,4455,4455,4455,4455,4455,4455,4455,4455,4455,4455,4455,4455,4455,4455,4455,4455,4455,4455,4455,4455,4455,4455,4455,4455,4455,4455,4455,4455,4455,4455,4455,4455,4455,4455,4455,4455,4455,4455,4455,4455,A,,,20050502104500,
200,NEM1206105,B1E1K1Q1,,E1,N1,06105,WH,15,
300,20050102,5555,5555,5555,5555,5555,5555,5555,5555,5555,5555,5555,5555,5555,5555,5555,5555,5555,5555,5555,5555,5555,5555,5555,5555,5555,5555,5555,5555,5555,5555,5555,5555,5555,5555,5555,5555,5555,5555,5555,5555,5555,5555,5555,5555,5555,5555,5555,5555,5555,5555,5555,5555,5555,5555,5555,5555,5555,5555,5555,5555,5555,5555,5555,5555,5555,5555,5555,5555,5555,5555,5555,5555,5555,5555,5555,5555,5555,5555,5555,5555,5555,5555,5555,5555,5555,5555,5555,5555,5555,5555,5555,5555,5555,5555,5555,5555,A,,,20050502104500,
200,NEM1206105,B1E1K1Q1,,B1,N1,06105,WH,15,
300,20050103,4455,4455,4455,4455,4455,4455,4455,4455,4455,4455,4455,4455,4455,4455,4455,4455,4455,4455,4455,4455,4455,4455,4455,4455,4455,4455,4455,4455,4455,4455,4455,4455,4455,4455,4455,4455,4455,4455,4455,4455,4455,4455,4455,4455,4455,4455,4455,4455,4455,4455,4455,4455,4455,4455,4455,4455,4455,4455,4455,4455,4455,4455,4455,4455,4455,4455,4455,4455,4455,4455,4455,4455,4455,4455,4455,4455,4455,4455,4455,4455,4455,4455,4455,4455,4455,4455,4455,4455,4455,4455,4455,4455,4455,4455,4455,4455,A,,,20050502104500,
200,NEM1206105,B1E1K1Q1,,E1,N1,06105,WH,15,
300,20050103,5555,5555,5555,5555,5555,5555,5555,5555,5555,5555,5555,5555,5555,5555,5555,5555,5555,5555,5555,5555,5555,5555,5555,5555,5555,5555,5555,5555,5555,5555,5555,5555,5555,5555,5555,5555,5555,5555,5555,5555,5555,5555,5555,5555,5555,5555,5555,5555,5555,5555,5555,5555,5555,5555,5555,5555,5555,5555,5555,5555,5555,5555,5555,5555,5555,5555,5555,5555,5555,5555,5555,5555,5555,5555,5555,5555,5555,5555,5555,5555,5555,5555,5555,5555,5555,5555,5555,5555,5555,5555,5555,5555,5555,5555,5555,5555,A,,,20050502104500,
200,NEM1206105,B1E1K1Q1,,B1,N1,06105,WH,15,
300,20050104,4455,4455,4455,4455,4455,4455,4455,4455,4455,4455,4455,4455,4455,4455,4455,4455,4455,4455,4455,4455,4455,4455,4455,4455,4455,4455,4455,4455,4455,4455,4455,4455,4455,4455,4455,4455,4455,4455,4455,4455,4455,4455,4455,4455,4455,4455,4455,4455,4455,4455,4455,4455,4455,4455,4455,4455,4455,4455,4455,4455,4455,4455,4455,4455,4455,4455,4455,4455,4455,4455,4455,4455,4455,4455,4455,4455,4455,4455,4455,4455,4455,4455,4455,4455,4455,4455,4455,4455,4455,4455,4455,4455,4455,4455,4455,4455,A,,,20050502104500,
200,NEM1206105,B1E1K1Q1,,E1,N1,06105,WH,15,
300,20050104,5555,5555,5555,5555,5555,5555,5555,5555,5555,5555,5555,5555,5555,5555,5555,5555,5555,5555,5555,5555,5555,5555,5555,5555,5555,5555,5555,5555,5555,5555,5555,5555,5555,5555,5555,5555,5555,5555,5555,5555,5555,5555,5555,5555,5555,5555,5555,5555,5555,5555,5555,5555,5555,5555,5555,5555,5555,5555,5555,5555,5555,5555,5555,5555,5555,5555,5555,5555,5555,5555,5555,5555,5555,5555,5555,5555,5555,5555,5555,5555,5555,5555,5555,5555,5555,5555,5555,5555,5555,5555,5555,5555,5555,5555,5555,5555,A,,,20050502104500,
900
