100,NEM12,200505101605,ELECTDSM,NEMMCO
200,NEM1210183,B2E2,,B2,N1,10183,kWh,15,
300,20050421,0.000,0.000,0.000,0.000,0.000,0.000,0.000,0.000,0.000,0.000,0.000,0.000,0.000,0.000,0.000,0.000,0.000,0.000,0.000,0.000,0.000,0.000,0.000,0.000,0.000,0.000,0.000,0.000,0.000,0.000,0.000,0.000,0.000,0.000,0.000,0.000,0.000,0.000,0.000,0.000,0.000,0.000,0.000,0.000,0.000,0.000,0.000,0.000,0.000,0.000,0.000,0.000,0.000,0.000,0.000,0.000,0.000,0.000,0.000,0.000,0.000,0.000,0.000,0.000,0.000,0.000,0.000,0.000,0.000,0.000,0.000,0.000,0.000,0.000,0.000,0.000,0.000,0.000,0.000,0.000,0.000,0.000,0.000,0.000,0.000,0.000,0.000,0.000,0.000,0.000,0.000,0.000,0.000,0.000,0.000,0.000,A,,,20050510160455,
300,20050422,0.000,0.000,0.000,0.000,0.000,0.000,0.000,0.000,0.000,0.000,0.000,0.000,0.000,0.000,0.000,0.000,0.000,0.000,0.000,0.000,0.000,0.000,0.000,0.000,0.000,0.000,0.000,0.000,0.000,0.000,0.000,0.000,0.000,0.000,0.000,0.000,0.000,0.000,0.000,0.000,0.000,0.000,0.000,0.000,0.000,0.000,0.000,0.000,0.000,0.000,0.000,0.000,0.000,0.000,0.000,0.000,0.000,0.000,0.000,0.000,0.000,0.000,0.000,0.000,0.000,0.000,0.000,0.000,0.000,0.000,0.000,0.000,0.000,0.000,0.000,0.000,0.000,0.000,0.000,0.000,0.000,0.000,0.000,0.000,0.000,0.000,0.000,0.000,0.000,0.000,0.000,0.000,0.000,0.000,0.000,0.000,A,,,20050510160455,
200,NEM1210183,E1,,E1,N1,10183,kWh,15,
300,20050420,1.764,1.090,2.942,1.632,1.227,3.108,2.056,1.904,2.552,1.082,1.131,1.193,1.153,1.067,2.869,2.002,1.096,1.147,2.046,3.422,2.502,1.498,1.006,1.136,1.853,1.304,3.061,1.485,0.780,0.777,1.188,2.653,2.901,1.587,1.758,1.195,3.596,3.543,5.122,4.804,5.163,5.105,4.924,3.931,4.163,4.731,4.855,5.115,3.435,3.886,4.957,5.376,5.565,5.461,4.973,4.754,5.012,4.953,5.035,2.532,2.526,4.880,5.482,5.371,4.661,4.486,4.014,3.826,3.821,4.426,5.365,4.593,3.271,5.533,4.137,4.600,3.453,3.951,5.380,5.534,4.895,2.973,1.801,3.306,3.023,2.333,2.042,2.062,1.946,1.998,3.002,4.447,2.042,2.244,2.930,3.103,A,,,20050510155525,
200,NEM1210183,B2E2,,E2,N1,10183,kWh,15,
300,20050421,3.335,2.599,2.678,4.549,3.144,3.833,2.067,1.414,1.610,1.453,1.699,2.403,2.422,2.832,1.577,1.509,1.282,3.780,2.021,1.915,1.681,1.614,2.355,1.182,3.225,2.604,2.450,1.527,2.032,2.319,3.230,1.868,2.539,1.945,2.098,1.650,3.139,4.130,4.420,4.987,4.793,4.785,2.491,2.357,4.553,3.515,3.245,2.680,4.228,5.114,5.274,4.743,4.397,4.301,2.340,3.245,2.471,4.116,5.018,5.324,5.851,5.345,5.635,4.777,3.827,5.516,5.770,3.454,3.841,3.612,5.019,4.604,4.623,4.254,2.668,2.112,3.788,2.847,1.962,2.029,1.960,3.199,4.520,3.124,2.016,2.061,1.901,1.664,2.565,2.471,3.097,3.765,1.876,1.838,2.018,3.850,A,,,20050510160455,
300,20050422,2.411,2.160,2.177,1.843,1.419,3.746,2.725,2.477,1.573,1.448,1.769,1.657,1.497,1.510,1.470,1.798,2.662,3.733,4.236,2.398,1.793,1.523,1.014,1.217,1.062,1.234,0.971,1.396,1.006,1.742,4.099,4.473,1.464,1.653,1.420,1.689,2.128,2.264,2.978,5.292,5.728,5.402,5.765,5.521,3.980,4.811,4.425,6.071,2.587,4.187,5.796,6.198,5.977,5.788,5.662,4.972,4.744,4.523,5.714,4.788,2.589,5.212,6.041,5.910,5.755,2.954,4.436,5.686,4.940,4.734,5.938,5.846,5.811,4.521,4.982,5.458,5.691,6.324,5.060,6.518,6.320,6.106,5.152,5.036,5.989,4.113,5.668,5.873,3.852,3.714,4.642,4.334,3.703,3.868,5.642,5.582,A,,,20050510160455,
900
