100,NEM12,200505021031,GLOBALM,NEMMCO
200,NEM1202025,B1E1K1Q1,,B1,N1,02025,WH,15,
300,20050101,1111,1111,1111,1111,1111,1111,1111,1111,1111,1111,1111,1111,1111,1111,1111,1111,1111,1111,1111,1111,1111,1111,1111,1111,1111,1111,1111,1111,1111,1111,1111,1111,1111,1111,1111,1111,1111,1111,1111,1111,1111,1111,1111,1111,1111,1111,1111,1111,1111,1111,1111,1111,1111,1111,1111,1111,1111,1111,1111,1111,1111,1111,1111,1111,1111,1111,1111,1111,1111,1111,1111,1111,1111,1111,1111,1111,1111,1111,1111,1111,1111,1111,1111,1111,1111,1111,1111,1111,1111,1111,1111,1111,1111,1111,1111,1111,A,,,20050426091300,
200,NEM1202025,B1E1K1Q1,,E1,N1,02025,WH,15,
300,20050101,2222,2222,2222,2222,2222,2222,2222,2222,2222,2222,2222,2222,2222,2222,2222,2222,2222,2222,2222,2222,2222,2222,2222,2222,2222,2222,2222,2222,2222,2222,2222,2222,2222,2222,2222,2222,2222,2222,2222,2222,2222,2222,2222,2222,2222,2222,2222,2222,2222,2222,2222,2222,2222,2222,2222,2222,2222,2222,2222,2222,2222,2222,2222,2222,2222,2222,2222,2222,2222,2222,2222,2222,2222,2222,2222,2222,2222,2222,2222,2222,2222,2222,2222,2222,2222,2222,2222,2222,2222,2222,2222,2222,2222,2222,2222,2222,A,,,20050426091300,
200,NEM1202025,B1E1K1Q1,,K1,N1,02025,VARH,15,
300,20050101,1110,1110,1110,1110,1110,1110,1110,1110,1110,1110,1110,1110,1110,1110,1110,1110,1110,1110,1110,1110,1110,1110,1110,1110,1110,1110,1110,1110,1110,1110,1110,1110,1110,1110,1110,1110,1110,1110,1110,1110,1110,1110,1110,1110,1110,1110,1110,1110,1110,1110,1110,1110,1110,1110,1110,1110,1110,1110,1110,1110,1110,1110,1110,1110,1110,1110,1110,1110,1110,1110,1110,1110,1110,1110,1110,1110,1110,1110,1110,1110,1110,1110,1110,1110,1110,1110,1110,1110,1110,1110,1110,1110,1110,1110,1110,1110,A,,,20050426091300,
200,NEM1202025,B1E1K1Q1,,Q1,N1,02025,VARH,15,
300,20050101,2222,2222,2222,2222,2222,2222,2222,2222,2222,2222,2222,2222,2222,2222,2222,2222,2222,2222,2222,2222,2222,2222,2222,2222,2222,2222,2222,2222,2222,2222,2222,2222,2222,2222,2222,2222,2222,2222,2222,2222,2222,2222,2222,2222,2222,2222,2222,2222,2222,2222,2222,2222,2222,2222,2222,2222,2222,2222,2222,2222,2222,2222,2222,2222,2222,2222,2222,2222,2222,2222,2222,2222,2222,2222,2222,2222,2222,2222,2222,2222,2222,2222,2222,2222,2222,2222,2222,2222,2222,2222,2222,2222,2222,2222,2222,2222,A,,,20050426091300,
200,NEM1202025,B1E1K1Q1,,B1,N1,02025,WH,15,
300,20050102,1111,1111,1111,1111,1111,1111,1111,1111,1111,1111,1111,1111,1111,1111,1111,1111,1111,1111,1111,1111,1111,1111,1111,1111,1111,1111,1111,1111,1111,1111,1111,1111,1111,1111,1111,1111,1111,1111,1111,1111,1111,1111,1111,1111,1111,1111,1111,1111,1111,1111,1111,1111,1111,1111,1111,1111,1111,1111,1111,1111,1111,1111,1111,1111,1111,1111,1111,1111,1111,1111,1111,1111,1111,1111,1111,1111,1111,1111,1111,1111,1111,1111,1111,1111,1111,1111,1111,1111,1111,1111,1111,1111,1111,1111,1111,1111,A,,,20050426091300,
200,NEM1202025,B1E1K1Q1,,E1,N1,02025,WH,15,
300,20050102,2222,2222,2222,2222,2222,2222,2222,2222,2222,2222,2222,2222,2222,2222,2222,2222,2222,2222,2222,2222,2222,2222,2222,2222,2222,2222,2222,2222,2222,2222,2222,2222,2222,2222,2222,2222,2222,2222,2222,2222,2222,2222,2222,2222,2222,2222,2222,2222,2222,2222,2222,2222,2222,2222,2222,2222,2222,2222,2222,2222,2222,2222,2222,2222,2222,2222,2222,2222,2222,2222,2222,2222,2222,2222,2222,2222,2222,2222,2222,2222,2222,2222,2222,2222,2222,2222,2222,2222,2222,2222,2222,2222,2222,2222,2222,2222,A,,,20050426091300,
200,NEM1202025,B1E1K1Q1,,K1,N1,02025,VARH,15,
300,20050102,1110,1110,1110,1110,1110,1110,1110,1110,1110,1110,1110,1110,1110,1110,1110,1110,1110,1110,1110,1110,1110,1110,1110,1110,1110,1110,1110,1110,1110,1110,1110,1110,1110,1110,1110,1110,1110,1110,1110,1110,1110,1110,1110,1110,1110,1110,1110,1110,1110,1110,1110,1110,1110,1110,1110,1110,1110,1110,1110,1110,1110,1110,1110,1110,1110,1110,1110,1110,1110,1110,1110,1110,1110,1110,1110,1110,1110,1110,1110,1110,1110,1110,1110,1110,1110,1110,1110,1110,1110,1110,1110,1110,1110,1110,1110,1110,A,,,20050426091300,
200,NEM1202025,B1E1K1Q1,,Q1,N1,02025,VARH,15,
300,20050102,2222,2222,2222,2222,2222,2222,2222,2222,2222,2222,2222,2222,2222,2222,2222,2222,2222,2222,2222,2222,2222,2222,2222,2222,2222,2222,2222,2222,2222,2222,2222,2222,2222,2222,2222,2222,2222,2222,2222,2222,2222,2222,2222,2222,2222,2222,2222,2222,2222,2222,2222,2222,2222,2222,2222,2222,2222,2222,2222,2222,2222,2222,2222,2222,2222,2222,2222,2222,2222,2222,2222,2222,2222,2222,2222,2222,2222,2222,2222,2222,2222,2222,2222,2222,2222,2222,2222,2222,2222,2222,2222,2222,2222,2222,2222,2222,A,,,20050426091300,
200,NEM1202025,B1E1K1Q1,,B1,N1,02025,WH,15,
300,20050103,1111,1111,1111,1111,1111,1111,1111,1111,1111,1111,1111,1111,1111,1111,1111,1111,1111,1111,1111,1111,1111,1111,1111,1111,1111,1111,1111,1111,1111,1111,1111,1111,1111,1111,1111,1111,1111,1111,1111,1111,1111,1111,1111,1111,1111,1111,1111,1111,1111,1111,1111,1111,1111,1111,1111,1111,1111,1111,1111,1111,1111,1111,1111,1111,1111,1111,1111,1111,1111,1111,1111,1111,1111,1111,1111,1111,1111,1111,1111,1111,1111,1111,1111,1111,1111,1111,1111,1111,1111,1111,1111,1111,1111,1111,1111,1111,A,,,20050426091300,
200,NEM1202025,B1E1K1Q1,,E1,N1,02025,WH,15,
300,20050103,2222,2222,2222,2222,2222,2222,2222,2222,2222,2222,2222,2222,2222,2222,2222,2222,2222,2222,2222,2222,2222,2222,2222,2222,2222,2222,2222,2222,2222,2222,2222,2222,2222,2222,2222,2222,2222,2222,2222,2222,2222,2222,2222,2222,2222,2222,2222,2222,2222,2222,2222,2222,2222,2222,2222,2222,2222,2222,2222,2222,2222,2222,2222,2222,2222,2222,2222,2222,2222,2222,2222,2222,2222,2222,2222,2222,2222,2222,2222,2222,2222,2222,2222,2222,2222,2222,2222,2222,2222,2222,2222,2222,2222,2222,2222,2222,A,,,20050426091300,
200,NEM1202025,B1E1K1Q1,,K1,N1,02025,VARH,15,
300,20050103,1110,1110,1110,1110,1110,1110,1110,1110,1110,1110,1110,1110,1110,1110,1110,1110,1110,1110,1110,1110,1110,1110,1110,1110,1110,1110,1110,1110,1110,1110,1110,1110,1110,1110,1110,1110,1110,1110,1110,1110,1110,1110,1110,1110,1110,1110,1110,1110,1110,1110,1110,1110,1110,1110,1110,1110,1110,1110,1110,1110,1110,1110,1110,1110,1110,1110,1110,1110,1110,1110,1110,1110,1110,1110,1110,1110,1110,1110,1110,1110,1110,1110,1110,1110,1110,1110,1110,1110,1110,1110,1110,1110,1110,1110,1110,1110,A,,,20050426091300,
200,NEM1202025,B1E1K1Q1,,Q1,N1,02025,VARH,15,
300,20050103,2222,2222,2222,2222,2222,2222,2222,2222,2222,2222,2222,2222,2222,2222,2222,2222,2222,2222,2222,2222,2222,2222,2222,2222,2222,2222,2222,2222,2222,2222,2222,2222,2222,2222,2222,2222,2222,2222,2222,2222,2222,2222,2222,2222,2222,2222,2222,2222,2222,2222,2222,2222,2222,2222,2222,2222,2222,2222,2222,2222,2222,2222,2222,2222,2222,2222,2222,2222,2222,2222,2222,2222,2222,2222,2222,2222,2222,2222,2222,2222,2222,2222,2222,2222,2222,2222,2222,2222,2222,2222,2222,2222,2222,2222,2222,2222,A,,,20050426091300,
200,NEM1202025,B1E1K1Q1,,B1,N1,02025,WH,15,
300,20050104,1111,1111,1111,1111,1111,1111,1111,1111,1111,1111,1111,1111,1111,1111,1111,1111,1111,1111,1111,1111,1111,1111,1111,1111,1111,1111,1111,1111,1111,1111,1111,1111,1111,1111,1111,1111,1111,1111,1111,1111,1111,1111,1111,1111,1111,1111,1111,1111,1111,1111,1111,1111,1111,1111,1111,1111,1111,1111,1111,1111,1111,1111,1111,1111,1111,1111,1111,1111,1111,1111,1111,1111,1111,1111,1111,1111,1111,1111,1111,1111,1111,1111,1111,1111,1111,1111,1111,1111,1111,1111,1111,1111,1111,1111,1111,1111,A,,,20050426091300,
200,NEM1202025,B1E1K1Q1,,E1,N1,02025,WH,15,
300,20050104,2222,2222,2222,2222,2222,2222,2222,2222,2222,2222,2222,2222,2222,2222,2222,2222,2222,2222,2222,2222,2222,2222,2222,2222,2222,2222,2222,2222,2222,2222,2222,2222,2222,2222,2222,2222,2222,2222,2222,2222,2222,2222,2222,2222,2222,2222,2222,2222,2222,2222,2222,2222,2222,2222,2222,2222,2222,2222,2222,2222,2222,2222,2222,2222,2222,2222,2222,2222,2222,2222,2222,2222,2222,2222,2222,2222,2222,2222,2222,2222,2222,2222,2222,2222,2222,2222,2222,2222,2222,2222,2222,2222,2222,2222,2222,2222,A,,,20050426091300,
200,NEM1202025,B1E1K1Q1,,K1,N1,02025,VARH,15,
300,20050104,1110,1110,1110,1110,1110,1110,1110,1110,1110,1110,1110,1110,1110,1110,1110,1110,1110,1110,1110,1110,1110,1110,1110,1110,1110,1110,1110,1110,1110,1110,1110,1110,1110,1110,1110,1110,1110,1110,1110,1110,1110,1110,1110,1110,1110,1110,1110,1110,1110,1110,1110,1110,1110,1110,1110,1110,1110,1110,1110,1110,1110,1110,1110,1110,1110,1110,1110,1110,1110,1110,1110,1110,1110,1110,1110,1110,1110,1110,1110,1110,1110,1110,1110,1110,1110,1110,1110,1110,1110,1110,1110,1110,1110,1110,1110,1110,A,,,20050426091300,
200,NEM1202025,B1E1K1Q1,,Q1,N1,02025,VARH,15,
300,20050104,2222,2222,2222,2222,2222,2222,2222,2222,2222,2222,2222,2222,2222,2222,2222,2222,2222,2222,2222,2222,2222,2222,2222,2222,2222,2222,2222,2222,2222,2222,2222,2222,2222,2222,2222,2222,2222,2222,2222,2222,2222,2222,2222,2222,2222,2222,2222,2222,2222,2222,2222,2222,2222,2222,2222,2222,2222,2222,2222,2222,2222,2222,2222,2222,2222,2222,2222,2222,2222,2222,2222,2222,2222,2222,2222,2222,2222,2222,2222,2222,2222,2222,2222,2222,2222,2222,2222,2222,2222,2222,2222,2222,2222,2222,2222,2222,A,,,20050426091300,
900
