100,NEM12,200505021100,GLOBALM,NEMMCO
200,NEM1208145,E1,,E1,N1,08145,WH,15,
300,20050101,8888,8888,8888,8888,8888,8820,8822,8824,8888,8888,8888,8888,8888,8888,8888,8888,8888,8888,8888,8888,1000,1100,5566,2222,3333,4444,8888,8888,8888,8888,8888,8888,8888,8888,8888,8888,8888,8888,8888,8888,8888,8888,8888,8888,8888,8888,8888,8888,8888,8888,8888,8888,8888,8888,8888,8888,8888,8888,8888,8888,8888,8888,8888,8888,8888,8888,8888,8888,8888,8888,8888,8888,8888,8888,8888,8888,8888,8888,8888,8888,8888,8888,8888,8888,8888,8888,8888,8888,8888,8888,8888,8888,8888,8888,8888,8888,V,,,20050502110000,
400,1,5,A,,
400,6,8,F18,0,Permanent test for scenario 8. Nem12.mc
400,9,20,A,,
400,21,22,S14,0,scenario 8 test. nem12.mc
400,23,23,F17,0,second test sub for scanrio 8.mc
400,24,24,F14,0,scenario 8 test. nem12.mc- PERMANENT on 02/05/2005
400,25,26,S14,0,scenario 8 test. nem12.mc
400,27,96,A,,
300,20050102,8888,8888,8888,8888,8888,8888,8888,8888,8888,8888,8888,8888,8888,8888,8888,8888,8888,8888,8888,8888,8888,8888,1223,2320,8888,8888,8888,8888,8888,8888,6666,8888,8888,8888,8888,8888,8888,8888,8888,8888,8888,8888,8888,8888,8888,8888,8888,8888,8888,8888,8888,8888,8888,8888,8888,8888,8888,8888,8888,8888,8888,8888,8888,8888,8888,8888,8888,8888,8888,8888,8888,8888,8888,8888,8888,8888,8888,8888,8888,8888,8888,8888,8888,8888,8888,8888,8888,8888,8888,8888,8888,8888,8888,8888,8888,8888,V,,,20050502110000,
400,1,22,A,,
400,23,23,S14,0,test scenario 8. nem12.mc
400,24,24,F14,0,test scenario 8. nem12.mc- PERMANENT on 02/05/2005
400,25,30,A,,
400,31,31,S14,0,test scenario 8nem12.mc
400,32,96,A,,
900
