100,NEM12,200505101157,ELECTDSM,NEMMCO
200,NEM1206103,B1E1K1Q1,,B1,N1,06103,kWh,15,
300,20040420,0.000,0.000,0.000,0.000,0.000,0.000,0.000,0.000,0.000,0.000,0.000,0.000,0.000,0.000,0.000,0.000,0.000,0.000,0.000,0.000,0.000,0.000,2.094,1.911,1.929,1.885,2.228,2.926,4.461,4.900,4.946,5.633,5.670,5.581,5.835,6.017,6.214,6.377,6.223,6.255,6.476,6.457,6.215,6.262,6.329,6.401,6.447,6.525,6.510,6.514,6.815,6.493,6.459,6.550,6.599,6.851,6.923,6.786,6.602,6.812,6.797,6.551,6.726,6.770,6.337,6.244,6.187,5.934,5.789,5.417,4.891,4.751,4.253,3.410,3.457,3.390,3.362,2.800,1.731,1.738,1.743,1.786,1.773,1.754,0.000,0.000,0.000,0.000,0.000,0.000,0.000,0.000,0.000,0.000,0.000,0.000,A,,,20050509160938,
300,20040421,0.000,0.000,0.000,0.000,0.000,0.000,0.000,0.000,0.000,0.000,0.000,0.000,0.000,0.000,0.000,0.000,0.000,0.000,0.000,0.000,0.000,0.000,0.000,0.000,0.000,0.000,0.000,0.000,0.000,0.000,0.000,0.000,0.000,0.000,0.000,0.000,0.000,0.000,0.000,0.000,0.000,0.000,0.000,0.000,0.000,0.000,0.000,0.000,0.000,0.000,0.000,0.000,0.000,0.000,0.000,0.000,0.000,0.000,0.000,0.000,0.000,0.000,0.000,0.000,0.000,0.000,0.000,0.000,0.000,0.000,0.000,0.000,0.000,0.000,0.000,0.000,0.000,0.000,1.816,1.791,1.813,1.828,1.822,1.864,1.859,1.795,1.819,1.802,1.834,1.820,1.827,1.835,1.793,1.813,1.842,1.819,A,,,20050509160938,
300,20040422,1.783,1.855,1.778,1.790,1.855,1.819,1.776,1.821,1.789,1.835,1.842,1.805,1.786,1.787,1.824,1.861,1.861,1.821,1.834,1.810,1.773,2.075,2.083,1.837,1.871,1.873,0.000,0.000,0.000,0.000,0.000,0.000,0.000,0.000,0.000,0.000,0.000,0.000,0.000,0.000,0.000,0.000,0.000,0.000,0.000,0.000,0.000,0.000,0.000,0.000,0.000,0.000,0.000,0.000,0.000,0.000,0.000,0.000,0.000,0.000,0.000,0.000,0.000,0.000,0.000,0.000,0.000,0.000,0.000,0.000,0.000,0.000,0.000,0.000,0.000,0.000,0.000,0.000,0.000,0.000,0.000,0.000,1.818,1.793,1.904,1.864,1.850,1.832,1.792,1.809,1.795,1.880,1.817,1.780,1.827,1.875,A,,,20050509160938,
300,20040423,1.871,1.871,1.837,1.772,1.810,1.859,1.854,1.806,1.799,1.849,1.863,1.866,1.862,1.812,1.812,1.833,1.854,1.867,1.792,1.847,1.866,2.020,2.103,1.873,1.834,1.844,0.000,0.000,0.000,0.000,0.000,0.000,0.000,0.000,0.000,0.000,0.000,0.000,0.000,0.000,0.000,0.000,0.000,0.000,0.000,0.000,0.000,0.000,0.000,0.000,0.000,0.000,0.000,0.000,0.000,0.000,0.000,0.000,0.000,0.000,0.000,0.000,0.000,0.000,0.000,0.000,0.000,0.000,0.000,0.000,0.000,0.000,0.000,0.000,0.000,0.000,0.000,0.000,1.727,1.758,1.766,1.787,1.773,1.717,1.739,1.703,1.699,1.763,1.699,1.723,1.705,1.711,1.764,1.738,1.738,1.672,A,,,20050509160938,
300,20040424,0.000,0.000,0.000,0.000,0.000,0.000,0.000,0.000,0.000,0.000,0.000,0.000,0.000,0.000,0.000,0.000,0.000,0.000,0.000,0.000,0.000,0.000,0.000,0.000,0.000,0.000,0.000,0.000,0.000,0.000,0.000,0.000,0.000,0.000,0.000,0.000,0.000,0.000,0.000,0.000,0.000,0.000,0.000,0.000,0.000,0.000,0.000,0.000,0.000,0.000,0.000,0.000,0.000,0.000,0.000,0.000,0.000,0.000,0.000,0.000,0.000,0.000,0.000,0.000,0.000,0.000,0.000,0.000,0.000,0.000,0.000,0.000,0.000,0.000,0.000,0.000,0.000,0.000,0.000,0.000,0.000,0.000,0.000,0.000,0.000,0.000,0.000,0.000,0.000,0.000,0.000,0.000,0.000,0.000,0.000,0.000,A,,,20050509160938,
200,NEM1206103,B1E1K1Q1,,E1,N1,06103,kWh,15,
300,20040420,1.846,1.836,1.845,1.798,1.817,1.813,1.873,1.902,1.815,1.802,1.824,1.830,1.838,1.885,1.837,1.909,1.878,1.873,1.826,1.821,1.825,1.982,0.000,0.000,0.000,0.000,0.000,0.000,0.000,0.000,0.000,0.000,0.000,0.000,0.000,0.000,0.000,0.000,0.000,0.000,0.000,0.000,0.000,0.000,0.000,0.000,0.000,0.000,0.000,0.000,0.000,0.000,0.000,0.000,0.000,0.000,0.000,0.000,0.000,0.000,0.000,0.000,0.000,0.000,0.000,0.000,0.000,0.000,0.000,0.000,0.000,0.000,0.000,0.000,0.000,0.000,0.000,0.000,0.000,0.000,0.000,0.000,0.000,0.000,1.756,1.735,1.811,1.801,1.743,1.754,1.774,1.737,1.776,1.787,1.738,1.727,A,,,20050509160938,
300,20040421,1.763,1.782,1.806,1.762,1.778,1.748,1.718,1.796,1.779,1.758,1.772,1.794,1.757,1.777,1.826,1.764,1.804,1.771,1.788,1.758,1.736,1.957,1.999,1.767,1.804,1.829,1.793,2.431,4.398,4.675,4.904,5.243,5.614,5.678,5.975,5.936,5.970,6.164,6.122,6.063,6.459,6.339,6.294,6.294,6.380,6.232,6.353,6.342,6.267,6.398,6.263,6.374,6.410,6.506,6.535,6.374,6.425,6.341,6.354,6.404,6.348,6.308,6.347,6.255,6.199,6.300,6.212,6.007,5.371,5.027,4.931,3.961,3.630,3.541,3.545,3.428,3.418,2.087,0.000,0.000,0.000,0.000,0.000,0.000,0.000,0.000,0.000,0.000,0.000,0.000,0.000,0.000,0.000,0.000,0.000,0.000,A,,,20050509160938,
300,20040422,0.000,0.000,0.000,0.000,0.000,0.000,0.000,0.000,0.000,0.000,0.000,0.000,0.000,0.000,0.000,0.000,0.000,0.000,0.000,0.000,0.000,0.000,0.000,0.000,0.000,0.000,1.934,2.420,4.344,4.578,5.060,5.244,5.447,5.644,5.605,5.771,6.071,6.124,6.308,6.179,6.104,6.167,6.262,6.338,6.380,6.500,6.504,6.558,6.497,6.425,6.412,6.527,6.393,6.537,6.549,6.541,6.825,7.076,6.472,6.284,6.584,6.273,5.956,5.719,5.651,5.741,5.612,5.547,5.199,5.137,4.915,4.669,3.750,3.594,3.620,3.529,1.995,2.480,3.351,3.074,1.838,1.826,0.000,0.000,0.000,0.000,0.000,0.000,0.000,0.000,0.000,0.000,0.000,0.000,0.000,0.000,A,,,20050509160938,
300,20040423,0.000,0.000,0.000,0.000,0.000,0.000,0.000,0.000,0.000,0.000,0.000,0.000,0.000,0.000,0.000,0.000,0.000,0.000,0.000,0.000,0.000,0.000,0.000,0.000,0.000,0.000,2.124,2.822,3.755,4.581,5.049,5.364,5.731,5.651,5.728,6.129,6.197,6.356,6.554,6.641,6.927,6.693,6.514,6.471,6.714,6.651,6.749,6.699,6.509,6.553,6.600,6.603,6.538,6.600,6.438,6.610,6.661,6.977,6.804,6.688,6.701,6.588,6.546,6.418,6.172,6.131,5.649,5.272,5.167,5.000,4.982,4.721,4.350,4.307,4.255,3.630,1.884,1.791,0.000,0.000,0.000,0.000,0.000,0.000,0.000,0.000,0.000,0.000,0.000,0.000,0.000,0.000,0.000,0.000,0.000,0.000,A,,,20050509160938,
300,20040424,1.689,1.782,1.759,1.747,1.713,1.737,1.744,1.786,1.774,1.761,1.700,1.731,1.772,1.757,1.819,1.756,1.780,1.772,1.746,1.751,1.761,1.931,1.952,1.729,1.865,1.805,1.792,1.837,1.739,1.755,1.800,1.762,1.714,1.713,1.791,1.821,1.793,1.787,1.763,1.767,1.755,1.805,1.815,1.743,1.775,1.817,1.818,1.920,1.826,1.776,1.743,1.749,1.795,1.828,1.784,1.781,1.815,1.793,1.824,1.795,1.775,1.757,3.073,3.461,3.134,1.780,1.798,1.782,1.794,1.790,1.798,1.785,1.781,1.753,1.809,1.820,1.772,1.754,1.749,1.740,1.764,1.760,1.736,1.702,1.723,1.809,1.785,1.765,1.698,1.732,1.741,1.755,1.780,1.747,1.697,1.767,A,,,20050509160938,
900
