100,NEM12,200412291621,GLOBALM,NEMMCO
200,NEM1209165,E1,1,E1,N1,09165,WH,30,20040104
300,20050101,19998,19998,19998,19998,19998,19998,19998,19998,19998,19998,19998,19998,19998,19998,19998,19998,19998,19998,19998,19998,19998,19998,19998,19998,19998,19998,19998,19998,19998,19998,19998,19998,19998,19998,19998,19998,19998,19998,19998,19998,19998,19998,19998,19998,19998,19998,19998,19998,A,,,20041227203500,
300,20050102,19998,19998,19998,19998,19998,19998,19998,19998,19998,19998,19998,19998,19998,19998,19998,19998,19998,19998,19998,19998,19998,19998,19998,19998,19998,19998,19998,19998,19998,19998,19998,19998,19998,19998,19998,19998,19998,19998,19998,19998,19998,19998,19998,19998,19998,19998,19998,19998,A,,,20041227203500,
300,20050103,19998,19998,19998,19998,19998,19998,19998,19998,19998,19998,19998,19998,19998,19998,19998,19998,19998,19998,19998,19998,19998,19998,19998,19998,19998,19998,19998,19998,19998,19998,19998,19998,19998,19998,19998,19998,19998,19998,19998,19998,19998,19998,19998,19998,19998,19998,19998,19998,A,,,20041227203500,
300,20050104,19998,19998,19998,19998,19998,19998,19998,19998,19998,19998,19998,19998,19998,19998,19998,19998,19998,19998,19998,19998,19998,19998,19998,19998,19998,19998,19998,19998,19998,19998,19998,19998,19998,19998,19998,19998,19998,19998,19998,19998,19998,19998,19998,19998,19998,19998,19998,19998,V,,,20041227203500,
400,1,8,A,,
400,9,48,E52,0,Scenario 9 test. Nem12.mc
500,N,,20041227170500,200000
300,20050105,19998,19998,19998,19998,19998,19998,19998,19998,19998,19998,19998,19998,19998,19998,19998,19998,19998,19998,19998,19998,19998,19998,19998,19998,19998,19998,19998,19998,19998,19998,19998,19998,19998,19998,19998,19998,19998,19998,19998,19998,19998,19998,19998,19998,19998,19998,19998,19998,E52,0,Scenario 9 test. Nem12.mc,20041227000001,
300,20050106,19998,19998,19998,19998,19998,19998,19998,19998,19998,19998,19998,19998,19998,19998,19998,19998,19998,19998,19998,19998,19998,19998,19998,19998,19998,19998,19998,19998,19998,19998,19998,19998,19998,19998,19998,19998,19998,19998,19998,19998,19998,19998,19998,19998,19998,19998,19998,19998,E52,0,Scenario 9 test. Nem12.mc,20041227000001,
300,20050107,19998,19998,19998,19998,19998,19998,19998,19998,19998,19998,19998,19998,19998,19998,19998,19998,19998,19998,19998,19998,19998,19998,19998,19998,19998,19998,19998,19998,19998,19998,19998,19998,19998,19998,19998,19998,19998,19998,19998,19998,19998,19998,19998,19998,19998,19998,19998,19998,E52,0,Scenario 9 test. Nem12.mc,20041227000001,
900
