100,NEM12,200507031437,ELECTDSM,NEMMCO
200,NEM1208143,E1,,E1,N1,08143,kWh,15,
300,20040420,3.128,2.864,3.016,3.088,3.172,2.588,2.416,2.664,2.748,2.548,2.428,2.992,2.808,3.064,2.520,2.588,2.904,2.860,5.596,7.752,7.844,7.628,7.268,7.352,7.860,7.896,7.696,5.612,5.296,5.556,3.508,2.764,3.936,4.344,4.616,6.256,9.112,20.196,25.404,19.200,21.248,28.860,22.632,20.440,33.028,26.688,19.528,26.340,28.328,27.344,29.180,30.156,21.016,23.164,34.288,31.088,21.800,28.452,28.416,23.920,26.240,34.960,22.132,20.716,31.840,24.460,18.100,27.516,25.020,20.988,23.352,23.776,23.960,21.872,23.608,27.360,21.744,20.676,21.180,28.576,24.828,21.532,19.672,24.668,18.236,19.088,17.372,15.232,14.568,13.984,11.628,11.768,10.740,7.728,2.644,2.480,V,,,20050509123411,
400,1,64,A,,
400,65,82,F14,62,Meter Stopped/Reversing/faulty
400,83,96,F14,89,Time Reset Occurred
300,20040421,2.544,2.872,2.848,2.612,3.080,3.308,2.904,2.396,2.476,2.732,2.664,2.420,3.576,7.772,7.640,7.376,7.392,7.536,7.688,8.088,7.800,5.808,4.788,5.048,7.432,6.952,6.788,6.672,6.764,6.756,5.340,5.064,5.076,5.324,4.372,4.168,10.128,21.504,20.284,21.888,23.380,25.652,24.232,26.276,24.716,30.560,28.940,26.472,25.888,27.056,24.452,24.564,28.004,25.404,25.172,31.168,28.496,22.348,26.988,29.956,27.144,24.000,28.816,29.476,22.884,23.848,25.668,19.492,27.492,26.268,19.312,27.740,22.636,22.028,21.192,25.920,26.404,22.388,27.984,27.072,22.392,26.508,26.008,19.888,19.816,27.628,17.404,16.328,16.208,15.208,13.808,13.480,12.376,7.764,3.232,2.652,V,,,20050509124204,
400,1,33,F14,89,Time Reset Occurred
400,34,50,F14,87,Reset Occurred
400,51,61,F14,62,Meter Stopped/Reversing/faulty
400,62,96,S14,5,Meter Removed
900
