100,NEM12,200505021036,GLOBALM,NEMMCO
200,NEM1203045,E1Q1,,E1,N1,03045,WH,15,
300,20050101,3333,3333,3333,3333,3333,3333,3333,3333,3333,3333,3333,3333,3333,3333,3333,3333,3333,3333,3333,3333,3333,3333,3333,3333,3333,3333,3333,3333,3333,3333,3333,3333,3333,3333,3333,3333,3333,3333,3333,3333,3333,3333,3333,3333,3333,3333,3333,3333,3333,3333,3333,3333,3333,3333,3333,3333,3333,3333,3333,3333,3333,3333,3333,3333,3333,3333,3333,3333,3333,3333,3333,3333,3333,3333,3333,3333,3333,3333,3333,3333,3333,3333,3333,3333,3333,3333,3333,3333,3333,3333,3333,3333,3333,3333,3333,3333,A,,,20050426091500,
200,NEM1203045,E1Q1,,Q1,N1,03045,VARH,15,
300,20050101,3330,3330,3330,3330,3330,3330,3330,3330,3330,3330,3330,3330,3330,3330,3330,3330,3330,3330,3330,3330,3330,3330,3330,3330,3330,3330,3330,3330,3330,3330,3330,3330,3330,3330,3330,3330,3330,3330,3330,3330,3330,3330,3330,3330,3330,3330,3330,3330,3330,3330,3330,3330,3330,3330,3330,3330,3330,3330,3330,3330,3330,3330,3330,3330,3330,3330,3330,3330,3330,3330,3330,3330,3330,3330,3330,3330,3330,3330,3330,3330,3330,3330,3330,3330,3330,3330,3330,3330,3330,3330,3330,3330,3330,3330,3330,3330,A,,,20050426091500,
200,NEM1203045,E1Q1,,E1,N1,03045,WH,15,
300,20050102,3333,3333,3333,3333,3333,3333,3333,3333,3333,3333,3333,3333,3333,3333,3333,3333,3333,3333,3333,3333,3333,3333,3333,3333,3333,3333,3333,3333,3333,3333,3333,3333,3333,3333,3333,3333,3333,3333,3333,3333,3333,3333,3333,3333,3333,3333,3333,3333,3333,3333,3333,3333,3333,3333,3333,3333,3333,3333,3333,3333,3333,3333,3333,3333,3333,3333,3333,3333,3333,3333,3333,3333,3333,3333,3333,3333,3333,3333,3333,3333,3333,3333,3333,3333,3333,3333,3333,3333,3333,3333,3333,3333,3333,3333,3333,3333,A,,,20050426091500,
200,NEM1203045,E1Q1,,Q1,N1,03045,VARH,15,
300,20050102,3330,3330,3330,3330,3330,3330,3330,3330,3330,3330,3330,3330,3330,3330,3330,3330,3330,3330,3330,3330,3330,3330,3330,3330,3330,3330,3330,3330,3330,3330,3330,3330,3330,3330,3330,3330,3330,3330,3330,3330,3330,3330,3330,3330,3330,3330,3330,3330,3330,3330,3330,3330,3330,3330,3330,3330,3330,3330,3330,3330,3330,3330,3330,3330,3330,3330,3330,3330,3330,3330,3330,3330,3330,3330,3330,3330,3330,3330,3330,3330,3330,3330,3330,3330,3330,3330,3330,3330,3330,3330,3330,3330,3330,3330,3330,3330,A,,,20050426091500,
200,NEM1203045,E1Q1,,E1,N1,03045,WH,15,
300,20050103,3333,3333,3333,3333,3333,3333,3333,3333,3333,3333,3333,3333,3333,3333,3333,3333,3333,3333,3333,3333,3333,3333,3333,3333,3333,3333,3333,3333,3333,3333,3333,3333,3333,3333,3333,3333,3333,3333,3333,3333,3333,3333,3333,3333,3333,3333,3333,3333,3333,3333,3333,3333,3333,3333,3333,3333,3333,3333,3333,3333,3333,3333,3333,3333,3333,3333,3333,3333,3333,3333,3333,3333,3333,3333,3333,3333,3333,3333,3333,3333,3333,3333,3333,3333,3333,3333,3333,3333,3333,3333,3333,3333,3333,3333,3333,3333,A,,,20050426091500,
200,NEM1203045,E1Q1,,Q1,N1,03045,VARH,15,
300,20050103,3330,3330,3330,3330,3330,3330,3330,3330,3330,3330,3330,3330,3330,3330,3330,3330,3330,3330,3330,3330,3330,3330,3330,3330,3330,3330,3330,3330,3330,3330,3330,3330,3330,3330,3330,3330,3330,3330,3330,3330,3330,3330,3330,3330,3330,3330,3330,3330,3330,3330,3330,3330,3330,3330,3330,3330,3330,3330,3330,3330,3330,3330,3330,3330,3330,3330,3330,3330,3330,3330,3330,3330,3330,3330,3330,3330,3330,3330,3330,3330,3330,3330,3330,3330,3330,3330,3330,3330,3330,3330,3330,3330,3330,3330,3330,3330,A,,,20050426091500,
200,NEM1203045,E1Q1,,E1,N1,03045,WH,15,
300,20050104,3333,3333,3333,3333,3333,3333,3333,3333,3333,3333,3333,3333,3333,3333,3333,3333,3333,3333,3333,3333,3333,3333,3333,3333,3333,3333,3333,3333,3333,3333,3333,3333,3333,3333,3333,3333,3333,3333,3333,3333,3333,3333,3333,3333,3333,3333,3333,3333,3333,3333,3333,3333,3333,3333,3333,3333,3333,3333,3333,3333,3333,3333,3333,3333,3333,3333,3333,3333,3333,3333,3333,3333,3333,3333,3333,3333,3333,3333,3333,3333,3333,3333,3333,3333,3333,3333,3333,3333,3333,3333,3333,3333,3333,3333,3333,3333,A,,,20050426091500,
200,NEM1203045,E1Q1,,Q1,N1,03045,VARH,15,
300,20050104,3330,3330,3330,3330,3330,3330,3330,3330,3330,3330,3330,3330,3330,3330,3330,3330,3330,3330,3330,3330,3330,3330,3330,3330,3330,3330,3330,3330,3330,3330,3330,3330,3330,3330,3330,3330,3330,3330,3330,3330,3330,3330,3330,3330,3330,3330,3330,3330,3330,3330,3330,3330,3330,3330,3330,3330,3330,3330,3330,3330,3330,3330,3330,3330,3330,3330,3330,3330,3330,3330,3330,3330,3330,3330,3330,3330,3330,3330,3330,3330,3330,3330,3330,3330,3330,3330,3330,3330,3330,3330,3330,3330,3330,3330,3330,3330,A,,,20050426091500,
900
