100,NEM12,200505101206,ELECTDSM,NEMMCO
200,NEM1206103,B1E1K1Q1,,K1,,06103,kVarh,15,
300,20040420,0.000,0.000,0.000,0.000,0.000,0.000,0.000,0.000,0.000,0.000,0.000,0.000,0.000,0.000,0.000,0.000,0.000,0.000,0.000,0.000,0.000,0.000,0.770,0.819,0.763,0.756,0.969,1.463,2.521,2.733,2.815,3.210,3.143,2.893,2.996,2.882,2.848,3.007,2.886,2.833,2.879,2.816,2.821,2.991,2.818,2.822,2.848,2.896,2.876,2.935,2.883,2.845,2.997,2.967,2.967,3.040,3.264,3.314,3.025,2.891,2.927,2.919,2.914,2.871,2.860,2.894,3.084,2.911,2.801,2.667,2.508,2.397,2.093,1.567,1.584,1.635,1.660,1.267,0.534,0.542,0.559,0.600,0.614,0.615,0.000,0.000,0.000,0.000,0.000,0.000,0.000,0.000,0.000,0.000,0.000,0.000,A,,,20050509160938,
300,20040421,0.000,0.000,0.000,0.000,0.000,0.000,0.000,0.000,0.000,0.000,0.000,0.000,0.000,0.000,0.000,0.000,0.000,0.000,0.000,0.000,0.000,0.000,0.000,0.000,0.000,0.000,0.000,0.000,0.000,0.000,0.000,0.000,0.000,0.000,0.000,0.000,0.000,0.000,0.000,0.000,0.000,0.000,0.000,0.000,0.000,0.000,0.000,0.000,0.000,0.000,0.000,0.000,0.000,0.000,0.000,0.000,0.000,0.000,0.000,0.000,0.000,0.000,0.000,0.000,0.000,0.000,0.000,0.000,0.000,0.000,0.000,0.000,0.000,0.000,0.000,0.000,0.000,0.000,0.667,0.637,0.664,0.694,0.686,0.749,0.761,0.664,0.738,0.703,0.764,0.748,0.774,0.796,0.726,0.752,0.786,0.771,A,,,20050509160938,
300,20040422,0.717,0.784,0.710,0.712,0.802,0.761,0.689,0.758,0.718,0.799,0.795,0.738,0.707,0.690,0.739,0.788,0.769,0.704,0.726,0.698,0.637,0.796,0.757,0.733,0.796,0.784,0.000,0.000,0.000,0.000,0.000,0.000,0.000,0.000,0.000,0.000,0.000,0.000,0.000,0.000,0.000,0.000,0.000,0.000,0.000,0.000,0.000,0.000,0.000,0.000,0.000,0.000,0.000,0.000,0.000,0.000,0.000,0.000,0.000,0.000,0.000,0.000,0.000,0.000,0.000,0.000,0.000,0.000,0.000,0.000,0.000,0.000,0.000,0.000,0.000,0.000,0.000,0.000,0.000,0.000,0.000,0.000,0.671,0.631,0.795,0.739,0.756,0.722,0.660,0.703,0.694,0.843,0.758,0.697,0.744,0.824,A,,,20050509160938,
300,20040423,0.844,0.838,0.779,0.675,0.731,0.819,0.798,0.727,0.714,0.801,0.818,0.822,0.806,0.712,0.715,0.741,0.761,0.776,0.662,0.728,0.764,0.705,0.802,0.777,0.722,0.733,0.000,0.000,0.000,0.000,0.000,0.000,0.000,0.000,0.000,0.000,0.000,0.000,0.000,0.000,0.000,0.000,0.000,0.000,0.000,0.000,0.000,0.000,0.000,0.000,0.000,0.000,0.000,0.000,0.000,0.000,0.000,0.000,0.000,0.000,0.000,0.000,0.000,0.000,0.000,0.000,0.000,0.000,0.000,0.000,0.000,0.000,0.000,0.000,0.000,0.000,0.000,0.000,0.574,0.642,0.659,0.663,0.668,0.607,0.665,0.617,0.603,0.708,0.649,0.687,0.643,0.648,0.721,0.694,0.701,0.597,A,,,20050509160938,
300,20040424,0.000,0.000,0.000,0.000,0.000,0.000,0.000,0.000,0.000,0.000,0.000,0.000,0.000,0.000,0.000,0.000,0.000,0.000,0.000,0.000,0.000,0.000,0.000,0.000,0.000,0.000,0.000,0.000,0.000,0.000,0.000,0.000,0.000,0.000,0.000,0.000,0.000,0.000,0.000,0.000,0.000,0.000,0.000,0.000,0.000,0.000,0.000,0.000,0.000,0.000,0.000,0.000,0.000,0.000,0.000,0.000,0.000,0.000,0.000,0.000,0.000,0.000,0.000,0.000,0.000,0.000,0.000,0.000,0.000,0.000,0.000,0.000,0.000,0.000,0.000,0.000,0.000,0.000,0.000,0.000,0.000,0.000,0.000,0.000,0.000,0.000,0.000,0.000,0.000,0.000,0.000,0.000,0.000,0.000,0.000,0.000,A,,,20050509160938,
200,NEM1206103,B1E1K1Q1,,Q1,,06103,kVarh,15,
300,20040420,0.751,0.762,0.771,0.683,0.720,0.717,0.796,0.839,0.725,0.702,0.746,0.741,0.737,0.701,0.712,0.812,0.770,0.771,0.695,0.673,0.700,0.675,0.000,0.000,0.000,0.000,0.000,0.000,0.000,0.000,0.000,0.000,0.000,0.000,0.000,0.000,0.000,0.000,0.000,0.000,0.000,0.000,0.000,0.000,0.000,0.000,0.000,0.000,0.000,0.000,0.000,0.000,0.000,0.000,0.000,0.000,0.000,0.000,0.000,0.000,0.000,0.000,0.000,0.000,0.000,0.000,0.000,0.000,0.000,0.000,0.000,0.000,0.000,0.000,0.000,0.000,0.000,0.000,0.000,0.000,0.000,0.000,0.000,0.000,0.634,0.603,0.720,0.720,0.649,0.667,0.706,0.647,0.702,0.712,0.639,0.629,A,,,20050509160938,
300,20040421,0.666,0.700,0.748,0.677,0.711,0.671,0.611,0.721,0.709,0.683,0.699,0.730,0.659,0.677,0.695,0.619,0.700,0.636,0.678,0.633,0.608,0.658,0.668,0.648,0.701,0.756,0.580,1.039,2.476,2.496,2.562,2.784,3.014,3.012,3.154,3.136,3.037,3.087,3.148,3.101,3.128,3.113,3.081,3.061,3.177,3.193,3.146,3.098,3.172,3.072,3.147,3.197,3.160,3.234,3.229,3.182,3.123,3.180,3.199,3.228,3.170,3.235,3.383,3.164,3.146,3.189,3.175,3.257,2.863,2.752,2.801,2.147,1.885,1.781,1.819,1.723,1.709,0.860,0.000,0.000,0.000,0.000,0.000,0.000,0.000,0.000,0.000,0.000,0.000,0.000,0.000,0.000,0.000,0.000,0.000,0.000,A,,,20050509160938,
300,20040422,0.000,0.000,0.000,0.000,0.000,0.000,0.000,0.000,0.000,0.000,0.000,0.000,0.000,0.000,0.000,0.000,0.000,0.000,0.000,0.000,0.000,0.000,0.000,0.000,0.000,0.000,0.781,1.125,2.517,2.634,2.723,2.875,3.163,3.170,3.057,3.192,3.230,3.168,3.208,3.245,3.203,3.229,3.173,3.169,3.342,3.421,3.388,3.372,3.413,3.382,3.335,3.280,3.269,3.380,3.484,3.455,3.615,3.450,3.185,3.114,3.135,3.032,2.880,2.724,2.685,2.765,2.725,2.806,2.623,2.722,2.604,2.468,1.915,1.699,1.818,1.745,0.736,1.088,1.618,1.483,0.656,0.671,0.000,0.000,0.000,0.000,0.000,0.000,0.000,0.000,0.000,0.000,0.000,0.000,0.000,0.000,A,,,20050509160938,
300,20040423,0.000,0.000,0.000,0.000,0.000,0.000,0.000,0.000,0.000,0.000,0.000,0.000,0.000,0.000,0.000,0.000,0.000,0.000,0.000,0.000,0.000,0.000,0.000,0.000,0.000,0.000,0.836,1.380,2.098,2.642,3.033,3.253,3.320,3.018,3.085,3.103,3.249,3.192,3.243,3.380,3.341,3.246,3.256,3.361,3.356,3.285,3.309,3.360,3.206,3.211,3.224,3.335,3.387,3.414,3.347,3.269,3.356,3.504,3.428,3.492,3.572,3.411,3.226,3.287,3.139,3.056,2.859,2.703,2.784,2.707,2.783,2.517,2.174,2.186,2.168,1.799,0.700,0.680,0.000,0.000,0.000,0.000,0.000,0.000,0.000,0.000,0.000,0.000,0.000,0.000,0.000,0.000,0.000,0.000,0.000,0.000,A,,,20050509160938,
300,20040424,0.612,0.722,0.747,0.734,0.664,0.697,0.710,0.786,0.765,0.749,0.657,0.705,0.749,0.743,0.759,0.688,0.741,0.729,0.688,0.723,0.742,0.680,0.711,0.642,0.749,0.733,0.733,0.811,0.670,0.695,0.775,0.700,0.633,0.631,0.752,0.803,0.758,0.728,0.703,0.697,0.730,0.758,0.778,0.672,0.713,0.770,0.755,0.765,0.790,0.742,0.689,0.685,0.749,0.828,0.753,0.738,0.790,0.750,0.823,0.767,0.729,0.707,1.661,2.028,1.798,0.749,0.775,0.768,0.791,0.775,0.793,0.787,0.784,0.719,0.799,0.816,0.770,0.749,0.728,0.719,0.745,0.743,0.708,0.647,0.669,0.810,0.786,0.744,0.645,0.691,0.722,0.733,0.766,0.718,0.642,0.752,A,,,20050509160938,
900
